0.00000000  0.00008200   3.97952663
0.00004500  0.00008200   3.99182967
0.00009000  0.00008200   4.00414476
0.00013500  0.00008200   4.01647170
0.00018000  0.00008200   4.02881025
0.00022500  0.00008200   4.04116020
0.00027000  0.00008200   4.05352130
0.00031500  0.00008200   4.06589335
0.00036000  0.00008200   4.07827610
0.00040500  0.00008200   4.09066932
0.00045000  0.00008200   4.10307278
0.00049500  0.00008200   4.11548625
0.00054000  0.00008200   4.12790947
0.00058500  0.00008200   4.14034221
0.00063000  0.00008200   4.15278423
0.00067500  0.00008200   4.16523528
0.00072000  0.00008200   4.17769511
0.00076500  0.00008200   4.19016348
0.00081000  0.00008200   4.20264013
0.00085500  0.00008200   4.21512481
0.00090000  0.00008200   4.22761726
0.00094500  0.00008200   4.24011722
0.00099000  0.00008200   4.25262445
0.00103500  0.00008200   4.26513866
0.00108000  0.00008200   4.27765960
0.00112500  0.00008200   4.29018701
0.00117000  0.00008200   4.30272060
0.00121500  0.00008200   4.31526013
0.00126000  0.00008200   4.32780530
0.00130500  0.00008200   4.34035584
0.00135000  0.00008200   4.35291149
0.00139500  0.00008200   4.36547196
0.00144000  0.00008200   4.37803696
0.00148500  0.00008200   4.39060622
0.00153000  0.00008200   4.40317946
0.00157500  0.00008200   4.41575637
0.00162000  0.00008200   4.42833668
0.00166500  0.00008200   4.44092009
0.00171000  0.00008200   4.45350631
0.00175500  0.00008200   4.46609504
0.00180000  0.00008200   4.47868599
0.00184500  0.00008200   4.49127885
0.00189000  0.00008200   4.50387333
0.00193500  0.00008200   4.51646911
0.00198000  0.00008200   4.52906590
0.00202500  0.00008200   4.54166338
0.00207000  0.00008200   4.55426125
0.00211500  0.00008200   4.56685918
0.00216000  0.00008200   4.57945688
0.00220500  0.00008200   4.59205401
0.00225000  0.00008200   4.60465027
0.00229500  0.00008200   4.61724533
0.00234000  0.00008200   4.62983886
0.00238500  0.00008200   4.64243055
0.00243000  0.00008200   4.65502007
0.00247500  0.00008200   4.66760708
0.00252000  0.00008200   4.68019126
0.00256500  0.00008200   4.69277227
0.00261000  0.00008200   4.70534978
0.00265500  0.00008200   4.71792346
0.00270000  0.00008200   4.73049295
0.00274500  0.00008200   4.74305793
0.00279000  0.00008200   4.75561804
0.00283500  0.00008200   4.76817295
0.00288000  0.00008200   4.78072231
0.00292500  0.00008200   4.79326576
0.00297000  0.00008200   4.80580295
0.00301500  0.00008200   4.81833354
0.00306000  0.00008200   4.83085717
0.00310500  0.00008200   4.84337348
0.00315000  0.00008200   4.85588211
0.00319500  0.00008200   4.86838270
0.00324000  0.00008200   4.88087489
0.00328500  0.00008200   4.89335832
0.00333000  0.00008200   4.90583261
0.00337500  0.00008200   4.91829740
0.00342000  0.00008200   4.93075232
0.00346500  0.00008200   4.94319699
0.00351000  0.00008200   4.95563105
0.00355500  0.00008200   4.96805411
0.00360000  0.00008200   4.98046580
0.00364500  0.00008200   4.99286574
0.00369000  0.00008200   5.00525355
0.00373500  0.00008200   5.01762884
0.00378000  0.00008200   5.02999123
0.00382500  0.00008200   5.04234033
0.00387000  0.00008200   5.05467576
0.00391500  0.00008200   5.06699712
0.00396000  0.00008200   5.07930402
0.00400500  0.00008200   5.09159607
0.00405000  0.00008200   5.10387286
0.00409500  0.00008200   5.11613402
0.00414000  0.00008200   5.12837912
0.00418500  0.00008200   5.14060779
0.00423000  0.00008200   5.15281960
0.00427500  0.00008200   5.16501416
0.00432000  0.00008200   5.17719107
0.00436500  0.00008200   5.18934991
0.00441000  0.00008200   5.20149028
0.00445500  0.00008200   5.21361176
0.00450000  0.00008200   5.22571395
0.00454500  0.00008200   5.23779643
0.00459000  0.00008200   5.24985878
0.00463500  0.00008200   5.26190060
0.00468000  0.00008200   5.27392146
0.00472500  0.00008200   5.28592093
0.00477000  0.00008200   5.29789861
0.00481500  0.00008200   5.30985407
0.00486000  0.00008200   5.32178688
0.00490500  0.00008200   5.33369662
0.00495000  0.00008200   5.34558286
0.00499500  0.00008200   5.35744518
0.00504000  0.00008200   5.36928315
0.00508500  0.00008200   5.38109632
0.00513000  0.00008200   5.39288429
0.00517500  0.00008200   5.40464660
0.00522000  0.00008200   5.41638282
0.00526500  0.00008200   5.42809253
0.00531000  0.00008200   5.43977528
0.00535500  0.00008200   5.45143063
0.00540000  0.00008200   5.46305815
0.00544500  0.00008200   5.47465739
0.00549000  0.00008200   5.48622792
0.00553500  0.00008200   5.49776928
0.00558000  0.00008200   5.50928105
0.00562500  0.00008200   5.52076276
0.00567000  0.00008200   5.53221399
0.00571500  0.00008200   5.54363427
0.00576000  0.00008200   5.55502316
0.00580500  0.00008200   5.56638022
0.00585000  0.00008200   5.57770499
0.00589500  0.00008200   5.58899702
0.00594000  0.00008200   5.60025586
0.00598500  0.00008200   5.61148107
0.00603000  0.00008200   5.62267218
0.00607500  0.00008200   5.63382874
0.00612000  0.00008200   5.64495030
0.00616500  0.00008200   5.65603640
0.00621000  0.00008200   5.66708658
0.00625500  0.00008200   5.67810040
0.00630000  0.00008200   5.68907739
0.00634500  0.00008200   5.70001709
0.00639000  0.00008200   5.71091904
0.00643500  0.00008200   5.72178280
0.00648000  0.00008200   5.73260788
0.00652500  0.00008200   5.74339385
0.00657000  0.00008200   5.75414022
0.00661500  0.00008200   5.76484656
0.00666000  0.00008200   5.77551238
0.00670500  0.00008200   5.78613723
0.00675000  0.00008200   5.79672065
0.00679500  0.00008200   5.80726218
0.00684000  0.00008200   5.81776135
0.00688500  0.00008200   5.82821769
0.00693000  0.00008200   5.83863075
0.00697500  0.00008200   5.84900006
0.00702000  0.00008200   5.85932516
0.00706500  0.00008200   5.86960558
0.00711000  0.00008200   5.87984087
0.00715500  0.00008200   5.89003054
0.00720000  0.00008200   5.90017415
0.00724500  0.00008200   5.91027123
0.00729000  0.00008200   5.92032130
0.00733500  0.00008200   5.93032392
0.00738000  0.00008200   5.94027861
0.00742500  0.00008200   5.95018491
0.00747000  0.00008200   5.96004235
0.00751500  0.00008200   5.96985048
0.00756000  0.00008200   5.97960883
0.00760500  0.00008200   5.98931694
0.00765000  0.00008200   5.99897434
0.00769500  0.00008200   6.00858058
0.00774000  0.00008200   6.01813518
0.00778500  0.00008200   6.02763769
0.00783000  0.00008200   6.03708765
0.00787500  0.00008200   6.04648460
0.00792000  0.00008200   6.05582808
0.00796500  0.00008200   6.06511762
0.00801000  0.00008200   6.07435277
0.00805500  0.00008200   6.08353307
0.00810000  0.00008200   6.09265807
0.00814500  0.00008200   6.10172730
0.00819000  0.00008200   6.11074031
0.00823500  0.00008200   6.11969665
0.00828000  0.00008200   6.12859585
0.00832500  0.00008200   6.13743748
0.00837000  0.00008200   6.14622107
0.00841500  0.00008200   6.15494617
0.00846000  0.00008200   6.16361233
0.00850500  0.00008200   6.17221911
0.00855000  0.00008200   6.18076605
0.00859500  0.00008200   6.18925271
0.00864000  0.00008200   6.19767863
0.00868500  0.00008200   6.20604338
0.00873000  0.00008200   6.21434652
0.00877500  0.00008200   6.22258759
0.00882000  0.00008200   6.23076615
0.00886500  0.00008200   6.23888178
0.00891000  0.00008200   6.24693402
0.00895500  0.00008200   6.25492244
0.00900000  0.00008200   6.26284661
0.00904500  0.00008200   6.27070609
0.00909000  0.00008200   6.27850045
0.00913500  0.00008200   6.28622925
0.00918000  0.00008200   6.29389208
0.00922500  0.00008200   6.30148849
0.00927000  0.00008200   6.30901806
0.00931500  0.00008200   6.31648038
0.00936000  0.00008200   6.32387501
0.00940500  0.00008200   6.33120153
0.00945000  0.00008200   6.33845954
0.00949500  0.00008200   6.34564860
0.00954000  0.00008200   6.35276830
0.00958500  0.00008200   6.35981824
0.00963000  0.00008200   6.36679800
0.00967500  0.00008200   6.37370717
0.00972000  0.00008200   6.38054534
0.00976500  0.00008200   6.38731212
0.00981000  0.00008200   6.39400709
0.00985500  0.00008200   6.40062985
0.00990000  0.00008200   6.40718002
0.00994500  0.00008200   6.41365719
0.00999000  0.00008200   6.42006097
0.01003500  0.00008200   6.42639096
0.01008000  0.00008200   6.43264679
0.01012500  0.00008200   6.43882806
0.01017000  0.00008200   6.44493439
0.01021500  0.00008200   6.45096540
0.01026000  0.00008200   6.45692070
0.01030500  0.00008200   6.46279994
0.01035000  0.00008200   6.46860272
0.01039500  0.00008200   6.47432869
0.01044000  0.00008200   6.47997747
0.01048500  0.00008200   6.48554870
0.01053000  0.00008200   6.49104201
0.01057500  0.00008200   6.49645706
0.01062000  0.00008200   6.50179347
0.01066500  0.00008200   6.50705090
0.01071000  0.00008200   6.51222900
0.01075500  0.00008200   6.51732741
0.01080000  0.00008200   6.52234580
0.01084500  0.00008200   6.52728383
0.01089000  0.00008200   6.53214115
0.01093500  0.00008200   6.53691744
0.01098000  0.00008200   6.54161235
0.01102500  0.00008200   6.54622556
0.01107000  0.00008200   6.55075675
0.01111500  0.00008200   6.55520560
0.01116000  0.00008200   6.55957178
0.01120500  0.00008200   6.56385498
0.01125000  0.00008200   6.56805489
0.01129500  0.00008200   6.57217120
0.01134000  0.00008200   6.57620361
0.01138500  0.00008200   6.58015181
0.01143000  0.00008200   6.58401551
0.01147500  0.00008200   6.58779441
0.01152000  0.00008200   6.59148823
0.01156500  0.00008200   6.59509667
0.01161000  0.00008200   6.59861946
0.01165500  0.00008200   6.60205631
0.01170000  0.00008200   6.60540695
0.01174500  0.00008200   6.60867111
0.01179000  0.00008200   6.61184852
0.01183500  0.00008200   6.61493892
0.01188000  0.00008200   6.61794204
0.01192500  0.00008200   6.62085763
0.01197000  0.00008200   6.62368545
0.01201500  0.00008200   6.62642523
0.01206000  0.00008200   6.62907674
0.01210500  0.00008200   6.63163974
0.01215000  0.00008200   6.63411399
0.01219500  0.00008200   6.63649926
0.01224000  0.00008200   6.63879532
0.01228500  0.00008200   6.64100195
0.01233000  0.00008200   6.64311893
0.01237500  0.00008200   6.64514605
0.01242000  0.00008200   6.64708309
0.01246500  0.00008200   6.64892986
0.01251000  0.00008200   6.65068614
0.01255500  0.00008200   6.65235174
0.01260000  0.00008200   6.65392646
0.01264500  0.00008200   6.65541013
0.01269000  0.00008200   6.65680255
0.01273500  0.00008200   6.65810354
0.01278000  0.00008200   6.65931293
0.01282500  0.00008200   6.66043055
0.01287000  0.00008200   6.66145624
0.01291500  0.00008200   6.66238982
0.01296000  0.00008200   6.66323115
0.01300500  0.00008200   6.66398007
0.01305000  0.00008200   6.66463643
0.01309500  0.00008200   6.66520009
0.01314000  0.00008200   6.66567092
0.01318500  0.00008200   6.66604877
0.01323000  0.00008200   6.66633353
0.01327500  0.00008200   6.66652506
0.01332000  0.00008200   6.66662324
0.01336500  0.00008200   6.66662797
0.01341000  0.00008200   6.66653912
0.01345500  0.00008200   6.66635661
0.01350000  0.00008200   6.66608031
0.01354500  0.00008200   6.66571015
0.01359000  0.00008200   6.66524603
0.01363500  0.00008200   6.66468786
0.01368000  0.00008200   6.66403557
0.01372500  0.00008200   6.66328907
0.01377000  0.00008200   6.66244830
0.01381500  0.00008200   6.66151319
0.01386000  0.00008200   6.66048368
0.01390500  0.00008200   6.65935971
0.01395000  0.00008200   6.65814124
0.01399500  0.00008200   6.65682821
0.01404000  0.00008200   6.65542058
0.01408500  0.00008200   6.65391833
0.01413000  0.00008200   6.65232141
0.01417500  0.00008200   6.65062980
0.01422000  0.00008200   6.64884349
0.01426500  0.00008200   6.64696245
0.01431000  0.00008200   6.64498667
0.01435500  0.00008200   6.64291615
0.01440000  0.00008200   6.64075089
0.01444500  0.00008200   6.63849089
0.01449000  0.00008200   6.63613616
0.01453500  0.00008200   6.63368672
0.01458000  0.00008200   6.63114258
0.01462500  0.00008200   6.62850377
0.01467000  0.00008200   6.62577033
0.01471500  0.00008200   6.62294227
0.01476000  0.00008200   6.62001965
0.01480500  0.00008200   6.61700251
0.01485000  0.00008200   6.61389090
0.01489500  0.00008200   6.61068488
0.01494000  0.00008200   6.60738450
0.01498500  0.00008200   6.60398983
0.01503000  0.00008200   6.60050094
0.01507500  0.00008200   6.59691791
0.01512000  0.00008200   6.59324082
0.01516500  0.00008200   6.58946975
0.01521000  0.00008200   6.58560480
0.01525500  0.00008200   6.58164606
0.01530000  0.00008200   6.57759363
0.01534500  0.00008200   6.57344763
0.01539000  0.00008200   6.56920815
0.01543500  0.00008200   6.56487531
0.01548000  0.00008200   6.56044925
0.01552500  0.00008200   6.55593008
0.01557000  0.00008200   6.55131794
0.01561500  0.00008200   6.54661296
0.01566000  0.00008200   6.54181528
0.01570500  0.00008200   6.53692506
0.01575000  0.00008200   6.53194244
0.01579500  0.00008200   6.52686757
0.01584000  0.00008200   6.52170063
0.01588500  0.00008200   6.51644178
0.01593000  0.00008200   6.51109119
0.01597500  0.00008200   6.50564903
0.01602000  0.00008200   6.50011549
0.01606500  0.00008200   6.49449075
0.01611000  0.00008200   6.48877501
0.01615500  0.00008200   6.48296846
0.01620000  0.00008200   6.47707130
0.01624500  0.00008200   6.47108374
0.01629000  0.00008200   6.46500599
0.01633500  0.00008200   6.45883827
0.01638000  0.00008200   6.45258078
0.01642500  0.00008200   6.44623377
0.01647000  0.00008200   6.43979746
0.01651500  0.00008200   6.43327208
0.01656000  0.00008200   6.42665787
0.01660500  0.00008200   6.41995509
0.01665000  0.00008200   6.41316396
0.01669500  0.00008200   6.40628476
0.01674000  0.00008200   6.39931774
0.01678500  0.00008200   6.39226315
0.01683000  0.00008200   6.38512127
0.01687500  0.00008200   6.37789237
0.01692000  0.00008200   6.37057673
0.01696500  0.00008200   6.36317462
0.01701000  0.00008200   6.35568633
0.01705500  0.00008200   6.34811216
0.01710000  0.00008200   6.34045239
0.01714500  0.00008200   6.33270732
0.01719000  0.00008200   6.32487726
0.01723500  0.00008200   6.31696251
0.01728000  0.00008200   6.30896338
0.01732500  0.00008200   6.30088020
0.01737000  0.00008200   6.29271328
0.01741500  0.00008200   6.28446294
0.01746000  0.00008200   6.27612952
0.01750500  0.00008200   6.26771335
0.01755000  0.00008200   6.25921475
0.01759500  0.00008200   6.25063408
0.01764000  0.00008200   6.24197169
0.01768500  0.00008200   6.23322791
0.01773000  0.00008200   6.22440310
0.01777500  0.00008200   6.21549762
0.01782000  0.00008200   6.20651182
0.01786500  0.00008200   6.19744609
0.01791000  0.00008200   6.18830077
0.01795500  0.00008200   6.17907626
0.01800000  0.00008200   6.16977291
0.01804500  0.00008200   6.16039112
0.01809000  0.00008200   6.15093126
0.01813500  0.00008200   6.14139372
0.01818000  0.00008200   6.13177890
0.01822500  0.00008200   6.12208719
0.01827000  0.00008200   6.11231899
0.01831500  0.00008200   6.10247469
0.01836000  0.00008200   6.09255472
0.01840500  0.00008200   6.08255946
0.01845000  0.00008200   6.07248934
0.01849500  0.00008200   6.06234478
0.01854000  0.00008200   6.05212618
0.01858500  0.00008200   6.04183398
0.01863000  0.00008200   6.03146860
0.01867500  0.00008200   6.02103047
0.01872000  0.00008200   6.01052002
0.01876500  0.00008200   5.99993768
0.01881000  0.00008200   5.98928389
0.01885500  0.00008200   5.97855910
0.01890000  0.00008200   5.96776375
0.01894500  0.00008200   5.95689829
0.01899000  0.00008200   5.94596316
0.01903500  0.00008200   5.93495882
0.01908000  0.00008200   5.92388573
0.01912500  0.00008200   5.91274434
0.01917000  0.00008200   5.90153512
0.01921500  0.00008200   5.89025853
0.01926000  0.00008200   5.87891504
0.01930500  0.00008200   5.86750511
0.01935000  0.00008200   5.85602922
0.01939500  0.00008200   5.84448785
0.01944000  0.00008200   5.83288147
0.01948500  0.00008200   5.82121056
0.01953000  0.00008200   5.80947560
0.01957500  0.00008200   5.79767708
0.01962000  0.00008200   5.78581548
0.01966500  0.00008200   5.77389130
0.01971000  0.00008200   5.76190502
0.01975500  0.00008200   5.74985714
0.01980000  0.00008200   5.73774816
0.01984500  0.00008200   5.72557856
0.01989000  0.00008200   5.71334886
0.01993500  0.00008200   5.70105955
0.01998000  0.00008200   5.68871113
0.02002500  0.00008200   5.67630412
0.02007000  0.00008200   5.66383902
0.02011500  0.00008200   5.65131633
0.02016000  0.00008200   5.63873658
0.02020500  0.00008200   5.62610027
0.02025000  0.00008200   5.61340792
0.02029500  0.00008200   5.60066004
0.02034000  0.00008200   5.58785716
0.02038500  0.00008200   5.57499978
0.02043000  0.00008200   5.56208844
0.02047500  0.00008200   5.54912364
0.02052000  0.00008200   5.53610593
0.02056500  0.00008200   5.52303582
0.02061000  0.00008200   5.50991384
0.02065500  0.00008200   5.49674052
0.02070000  0.00008200   5.48351638
0.02074500  0.00008200   5.47024195
0.02079000  0.00008200   5.45691777
0.02083500  0.00008200   5.44354437
0.02088000  0.00008200   5.43012229
0.02092500  0.00008200   5.41665205
0.02097000  0.00008200   5.40313419
0.02101500  0.00008200   5.38956924
0.02106000  0.00008200   5.37595775
0.02110500  0.00008200   5.36230026
0.02115000  0.00008200   5.34859729
0.02119500  0.00008200   5.33484940
0.02124000  0.00008200   5.32105711
0.02128500  0.00008200   5.30722098
0.02133000  0.00008200   5.29334154
0.02137500  0.00008200   5.27941933
0.02142000  0.00008200   5.26545489
0.02146500  0.00008200   5.25144878
0.02151000  0.00008200   5.23740153
0.02155500  0.00008200   5.22331368
0.02160000  0.00008200   5.20918578
0.02164500  0.00008200   5.19501837
0.02169000  0.00008200   5.18081200
0.02173500  0.00008200   5.16656721
0.02178000  0.00008200   5.15228454
0.02182500  0.00008200   5.13796455
0.02187000  0.00008200   5.12360777
0.02191500  0.00008200   5.10921475
0.02196000  0.00008200   5.09478604
0.02200500  0.00008200   5.08032217
0.02205000  0.00008200   5.06582370
0.02209500  0.00008200   5.05129117
0.02214000  0.00008200   5.03672512
0.02218500  0.00008200   5.02212610
0.02223000  0.00008200   5.00749465
0.02227500  0.00008200   4.99283131
0.02232000  0.00008200   4.97813663
0.02236500  0.00008200   4.96341115
0.02241000  0.00008200   4.94865541
0.02245500  0.00008200   4.93386996
0.02250000  0.00008200   4.91905533
0.02254500  0.00008200   4.90421206
0.02259000  0.00008200   4.88934070
0.02263500  0.00008200   4.87444179
0.02268000  0.00008200   4.85951586
0.02272500  0.00008200   4.84456345
0.02277000  0.00008200   4.82958510
0.02281500  0.00008200   4.81458134
0.02286000  0.00008200   4.79955272
0.02290500  0.00008200   4.78449976
0.02295000  0.00008200   4.76942300
0.02299500  0.00008200   4.75432298
0.02304000  0.00008200   4.73920022
0.02308500  0.00008200   4.72405525
0.02313000  0.00008200   4.70888862
0.02317500  0.00008200   4.69370083
0.02322000  0.00008200   4.67849243
0.02326500  0.00008200   4.66326394
0.02331000  0.00008200   4.64801588
0.02335500  0.00008200   4.63274878
0.02340000  0.00008200   4.61746317
0.02344500  0.00008200   4.60215955
0.02349000  0.00008200   4.58683846
0.02353500  0.00008200   4.57150041
0.02358000  0.00008200   4.55614593
0.02362500  0.00008200   4.54077552
0.02367000  0.00008200   4.52538970
0.02371500  0.00008200   4.50998898
0.02376000  0.00008200   4.49457388
0.02380500  0.00008200   4.47914491
0.02385000  0.00008200   4.46370257
0.02389500  0.00008200   4.44824738
0.02394000  0.00008200   4.43277983
0.02398500  0.00008200   4.41730043
0.02403000  0.00008200   4.40180969
0.02407500  0.00008200   4.38630810
0.02412000  0.00008200   4.37079616
0.02416500  0.00008200   4.35527437
0.02421000  0.00008200   4.33974322
0.02425500  0.00008200   4.32420321
0.02430000  0.00008200   4.30865483
0.02434500  0.00008200   4.29309857
0.02439000  0.00008200   4.27753491
0.02443500  0.00008200   4.26196435
0.02448000  0.00008200   4.24638736
0.02452500  0.00008200   4.23080442
0.02457000  0.00008200   4.21521602
0.02461500  0.00008200   4.19962263
0.02466000  0.00008200   4.18402473
0.02470500  0.00008200   4.16842280
0.02475000  0.00008200   4.15281730
0.02479500  0.00008200   4.13720870
0.02484000  0.00008200   4.12159747
0.02488500  0.00008200   4.10598407
0.02493000  0.00008200   4.09036898
0.02497500  0.00008200   4.07475264
0.02502000  0.00008200   4.05913552
0.02506500  0.00008200   4.04351806
0.02511000  0.00008200   4.02790074
0.02515500  0.00008200   4.01228399
0.02520000  0.00008200   3.99666827
0.02524500  0.00008200   3.98105402
0.02529000  0.00008200   3.96544169
0.02533500  0.00008200   3.94983172
0.02538000  0.00008200   3.93422455
0.02542500  0.00008200   3.91862061
0.02547000  0.00008200   3.90302035
0.02551500  0.00008200   3.88742419
0.02556000  0.00008200   3.87183256
0.02560500  0.00008200   3.85624590
0.02565000  0.00008200   3.84066462
0.02569500  0.00008200   3.82508915
0.02574000  0.00008200   3.80951990
0.02578500  0.00008200   3.79395730
0.02583000  0.00008200   3.77840177
0.02587500  0.00008200   3.76285370
0.02592000  0.00008200   3.74731352
0.02596500  0.00008200   3.73178163
0.02601000  0.00008200   3.71625843
0.02605500  0.00008200   3.70074433
0.02610000  0.00008200   3.68523972
0.02614500  0.00008200   3.66974500
0.02619000  0.00008200   3.65426057
0.02623500  0.00008200   3.63878682
0.02628000  0.00008200   3.62332413
0.02632500  0.00008200   3.60787290
0.02637000  0.00008200   3.59243350
0.02641500  0.00008200   3.57700631
0.02646000  0.00008200   3.56159172
0.02650500  0.00008200   3.54619010
0.02655000  0.00008200   3.53080181
0.02659500  0.00008200   3.51542724
0.02664000  0.00008200   3.50006675
0.02668500  0.00008200   3.48472069
0.02673000  0.00008200   3.46938944
0.02677500  0.00008200   3.45407335
0.02682000  0.00008200   3.43877278
0.02686500  0.00008200   3.42348808
0.02691000  0.00008200   3.40821960
0.02695500  0.00008200   3.39296769
0.02700000  0.00008200   3.37773269
0.02704500  0.00008200   3.36251495
0.02709000  0.00008200   3.34731480
0.02713500  0.00008200   3.33213258
0.02718000  0.00008200   3.31696863
0.02722500  0.00008200   3.30182327
0.02727000  0.00008200   3.28669683
0.02731500  0.00008200   3.27158964
0.02736000  0.00008200   3.25650202
0.02740500  0.00008200   3.24143429
0.02745000  0.00008200   3.22638676
0.02749500  0.00008200   3.21135975
0.02754000  0.00008200   3.19635357
0.02758500  0.00008200   3.18136854
0.02763000  0.00008200   3.16640494
0.02767500  0.00008200   3.15146309
0.02772000  0.00008200   3.13654328
0.02776500  0.00008200   3.12164582
0.02781000  0.00008200   3.10677099
0.02785500  0.00008200   3.09191909
0.02790000  0.00008200   3.07709040
0.02794500  0.00008200   3.06228521
0.02799000  0.00008200   3.04750380
0.02803500  0.00008200   3.03274646
0.02808000  0.00008200   3.01801345
0.02812500  0.00008200   3.00330506
0.02817000  0.00008200   2.98862155
0.02821500  0.00008200   2.97396319
0.02826000  0.00008200   2.95933026
0.02830500  0.00008200   2.94472300
0.02835000  0.00008200   2.93014168
0.02839500  0.00008200   2.91558655
0.02844000  0.00008200   2.90105788
0.02848500  0.00008200   2.88655591
0.02853000  0.00008200   2.87208090
0.02857500  0.00008200   2.85763307
0.02862000  0.00008200   2.84321269
0.02866500  0.00008200   2.82881999
0.02871000  0.00008200   2.81445521
0.02875500  0.00008200   2.80011858
0.02880000  0.00008200   2.78581033
0.02884500  0.00008200   2.77153070
0.02889000  0.00008200   2.75727990
0.02893500  0.00008200   2.74305817
0.02898000  0.00008200   2.72886572
0.02902500  0.00008200   2.71470277
0.02907000  0.00008200   2.70056954
0.02911500  0.00008200   2.68646624
0.02916000  0.00008200   2.67239308
0.02920500  0.00008200   2.65835027
0.02925000  0.00008200   2.64433801
0.02929500  0.00008200   2.63035650
0.02934000  0.00008200   2.61640594
0.02938500  0.00008200   2.60248653
0.02943000  0.00008200   2.58859846
0.02947500  0.00008200   2.57474192
0.02952000  0.00008200   2.56091711
0.02956500  0.00008200   2.54712420
0.02961000  0.00008200   2.53336338
0.02965500  0.00008200   2.51963484
0.02970000  0.00008200   2.50593874
0.02974500  0.00008200   2.49227526
0.02979000  0.00008200   2.47864458
0.02983500  0.00008200   2.46504687
0.02988000  0.00008200   2.45148229
0.02992500  0.00008200   2.43795100
0.02997000  0.00008200   2.42445318
0.03001500  0.00008200   2.41098898
0.03006000  0.00008200   2.39755855
0.03010500  0.00008200   2.38416205
0.03015000  0.00008200   2.37079964
0.03019500  0.00008200   2.35747146
0.03024000  0.00008200   2.34417766
0.03028500  0.00008200   2.33091839
0.03033000  0.00008200   2.31769378
0.03037500  0.00008200   2.30450398
0.03042000  0.00008200   2.29134912
0.03046500  0.00008200   2.27822933
0.03051000  0.00008200   2.26514476
0.03055500  0.00008200   2.25209553
0.03060000  0.00008200   2.23908176
0.03064500  0.00008200   2.22610359
0.03069000  0.00008200   2.21316113
0.03073500  0.00008200   2.20025451
0.03078000  0.00008200   2.18738384
0.03082500  0.00008200   2.17454923
0.03087000  0.00008200   2.16175081
0.03091500  0.00008200   2.14898868
0.03096000  0.00008200   2.13626295
0.03100500  0.00008200   2.12357372
0.03105000  0.00008200   2.11092111
0.03109500  0.00008200   2.09830521
0.03114000  0.00008200   2.08572612
0.03118500  0.00008200   2.07318394
0.03123000  0.00008200   2.06067876
0.03127500  0.00008200   2.04821067
0.03132000  0.00008200   2.03577978
0.03136500  0.00008200   2.02338615
0.03141000  0.00008200   2.01102989
0.03145500  0.00008200   1.99871107
0.03150000  0.00008200   1.98642978
0.03154500  0.00008200   1.97418609
0.03159000  0.00008200   1.96198008
0.03163500  0.00008200   1.94981183
0.03168000  0.00008200   1.93768141
0.03172500  0.00008200   1.92558889
0.03177000  0.00008200   1.91353435
0.03181500  0.00008200   1.90151784
0.03186000  0.00008200   1.88953943
0.03190500  0.00008200   1.87759919
0.03195000  0.00008200   1.86569717
0.03199500  0.00008200   1.85383344
0.03204000  0.00008200   1.84200805
0.03208500  0.00008200   1.83022106
0.03213000  0.00008200   1.81847251
0.03217500  0.00008200   1.80676246
0.03222000  0.00008200   1.79509096
0.03226500  0.00008200   1.78345806
0.03231000  0.00008200   1.77186379
0.03235500  0.00008200   1.76030821
0.03240000  0.00008200   1.74879136
0.03244500  0.00008200   1.73731326
0.03249000  0.00008200   1.72587397
0.03253500  0.00008200   1.71447352
0.03258000  0.00008200   1.70311193
0.03262500  0.00008200   1.69178925
0.03267000  0.00008200   1.68050550
0.03271500  0.00008200   1.66926071
0.03276000  0.00008200   1.65805491
0.03280500  0.00008200   1.64688812
0.03285000  0.00008200   1.63576036
0.03289500  0.00008200   1.62467166
0.03294000  0.00008200   1.61362204
0.03298500  0.00008200   1.60261151
0.03303000  0.00008200   1.59164010
0.03307500  0.00008200   1.58070780
0.03312000  0.00008200   1.56981465
0.03316500  0.00008200   1.55896064
0.03321000  0.00008200   1.54814580
0.03325500  0.00008200   1.53737011
0.03330000  0.00008200   1.52663361
0.03334500  0.00008200   1.51593628
0.03339000  0.00008200   1.50527813
0.03343500  0.00008200   1.49465916
0.03348000  0.00008200   1.48407937
0.03352500  0.00008200   1.47353877
0.03357000  0.00008200   1.46303734
0.03361500  0.00008200   1.45257509
0.03366000  0.00008200   1.44215200
0.03370500  0.00008200   1.43176807
0.03375000  0.00008200   1.42142330
0.03379500  0.00008200   1.41111766
0.03384000  0.00008200   1.40085115
0.03388500  0.00008200   1.39062376
0.03393000  0.00008200   1.38043547
0.03397500  0.00008200   1.37028626
0.03402000  0.00008200   1.36017612
0.03406500  0.00008200   1.35010503
0.03411000  0.00008200   1.34007296
0.03415500  0.00008200   1.33007990
0.03420000  0.00008200   1.32012582
0.03424500  0.00008200   1.31021070
0.03429000  0.00008200   1.30033452
0.03433500  0.00008200   1.29049724
0.03438000  0.00008200   1.28069884
0.03442500  0.00008200   1.27093928
0.03447000  0.00008200   1.26121855
0.03451500  0.00008200   1.25153660
0.03456000  0.00008200   1.24189340
0.03460500  0.00008200   1.23228893
0.03465000  0.00008200   1.22272313
0.03469500  0.00008200   1.21319598
0.03474000  0.00008200   1.20370744
0.03478500  0.00008200   1.19425747
0.03483000  0.00008200   1.18484603
0.03487500  0.00008200   1.17547308
0.03492000  0.00008200   1.16613857
0.03496500  0.00008200   1.15684246
0.03501000  0.00008200   1.14758471
0.03505500  0.00008200   1.13836527
0.03510000  0.00008200   1.12918410
0.03514500  0.00008200   1.12004114
0.03519000  0.00008200   1.11093635
0.03523500  0.00008200   1.10186968
0.03528000  0.00008200   1.09284107
0.03532500  0.00008200   1.08385048
0.03537000  0.00008200   1.07489785
0.03541500  0.00008200   1.06598312
0.03546000  0.00008200   1.05710625
0.03550500  0.00008200   1.04826717
0.03555000  0.00008200   1.03946583
0.03559500  0.00008200   1.03070218
0.03564000  0.00008200   1.02197615
0.03568500  0.00008200   1.01328768
0.03573000  0.00008200   1.00463671
0.03577500  0.00008200   0.99602318
0.03582000  0.00008200   0.98744703
0.03586500  0.00008200   0.97890820
0.03591000  0.00008200   0.97040661
0.03595500  0.00008200   0.96194222
0.03600000  0.00008200   0.95351494
0.03604500  0.00008200   0.94512472
0.03609000  0.00008200   0.93677148
0.03613500  0.00008200   0.92845516
0.03618000  0.00008200   0.92017569
0.03622500  0.00008200   0.91193300
0.03627000  0.00008200   0.90372701
0.03631500  0.00008200   0.89555767
0.03636000  0.00008200   0.88742489
0.03640500  0.00008200   0.87932860
0.03645000  0.00008200   0.87126873
0.03649500  0.00008200   0.86324520
0.03654000  0.00008200   0.85525794
0.03658500  0.00008200   0.84730688
0.03663000  0.00008200   0.83939194
0.03667500  0.00008200   0.83151303
0.03672000  0.00008200   0.82367009
0.03676500  0.00008200   0.81586303
0.03681000  0.00008200   0.80809178
0.03685500  0.00008200   0.80035626
0.03690000  0.00008200   0.79265637
0.03694500  0.00008200   0.78499206
0.03699000  0.00008200   0.77736323
0.03703500  0.00008200   0.76976980
0.03708000  0.00008200   0.76221168
0.03712500  0.00008200   0.75468881
0.03717000  0.00008200   0.74720108
0.03721500  0.00008200   0.73974842
0.03726000  0.00008200   0.73233075
0.03730500  0.00008200   0.72494797
0.03735000  0.00008200   0.71760001
0.03739500  0.00008200   0.71028677
0.03744000  0.00008200   0.70300816
0.03748500  0.00008200   0.69576411
0.03753000  0.00008200   0.68855452
0.03757500  0.00008200   0.68137930
0.03762000  0.00008200   0.67423837
0.03766500  0.00008200   0.66713164
0.03771000  0.00008200   0.66005901
0.03775500  0.00008200   0.65302040
0.03780000  0.00008200   0.64601572
0.03784500  0.00008200   0.63904487
0.03789000  0.00008200   0.63210776
0.03793500  0.00008200   0.62520430
0.03798000  0.00008200   0.61833440
0.03802500  0.00008200   0.61149797
0.03807000  0.00008200   0.60469491
0.03811500  0.00008200   0.59792513
0.03816000  0.00008200   0.59118854
0.03820500  0.00008200   0.58448503
0.03825000  0.00008200   0.57781453
0.03829500  0.00008200   0.57117692
0.03834000  0.00008200   0.56457213
0.03838500  0.00008200   0.55800004
0.03843000  0.00008200   0.55146057
0.03847500  0.00008200   0.54495362
0.03852000  0.00008200   0.53847909
0.03856500  0.00008200   0.53203689
0.03861000  0.00008200   0.52562692
0.03865500  0.00008200   0.51924908
0.03870000  0.00008200   0.51290327
0.03874500  0.00008200   0.50658940
0.03879000  0.00008200   0.50030736
0.03883500  0.00008200   0.49405707
0.03888000  0.00008200   0.48783842
0.03892500  0.00008200   0.48165131
0.03897000  0.00008200   0.47549564
0.03901500  0.00008200   0.46937132
0.03906000  0.00008200   0.46327823
0.03910500  0.00008200   0.45721630
0.03915000  0.00008200   0.45118541
0.03919500  0.00008200   0.44518546
0.03924000  0.00008200   0.43921635
0.03928500  0.00008200   0.43327799
0.03933000  0.00008200   0.42737027
0.03937500  0.00008200   0.42149310
0.03942000  0.00008200   0.41564636
0.03946500  0.00008200   0.40982996
0.03951000  0.00008200   0.40404380
0.03955500  0.00008200   0.39828778
0.03960000  0.00008200   0.39256179
0.03964500  0.00008200   0.38686573
0.03969000  0.00008200   0.38119950
0.03973500  0.00008200   0.37556301
0.03978000  0.00008200   0.36995613
0.03982500  0.00008200   0.36437879
0.03987000  0.00008200   0.35883086
0.03991500  0.00008200   0.35331226
0.03996000  0.00008200   0.34782287
0.04000500  0.00008200   0.34236259
0.04005000  0.00008200   0.33693133
0.04009500  0.00008200   0.33152897
0.04014000  0.00008200   0.32615542
0.04018500  0.00008200   0.32081058
0.04023000  0.00008200   0.31549433
0.04027500  0.00008200   0.31020658
0.04032000  0.00008200   0.30494722
0.04036500  0.00008200   0.29971615
0.04041000  0.00008200   0.29451327
0.04045500  0.00008200   0.28933847
0.04050000  0.00008200   0.28419165
0.04054500  0.00008200   0.27907271
0.04059000  0.00008200   0.27398154
0.04063500  0.00008200   0.26891804
0.04068000  0.00008200   0.26388211
0.04072500  0.00008200   0.25887364
0.04077000  0.00008200   0.25389253
0.04081500  0.00008200   0.24893868
0.04086000  0.00008200   0.24401198
0.04090500  0.00008200   0.23911233
0.04095000  0.00008200   0.23423963
0.04099500  0.00008200   0.22939377
0.04104000  0.00008200   0.22457465
0.04108500  0.00008200   0.21978216
0.04113000  0.00008200   0.21501621
0.04117500  0.00008200   0.21027669
0.04122000  0.00008200   0.20556349
0.04126500  0.00008200   0.20087652
0.04131000  0.00008200   0.19621567
0.04135500  0.00008200   0.19158083
0.04140000  0.00008200   0.18697191
0.04144500  0.00008200   0.18238881
0.04149000  0.00008200   0.17783140
0.04153500  0.00008200   0.17329961
0.04158000  0.00008200   0.16879332
0.04162500  0.00008200   0.16431242
0.04167000  0.00008200   0.15985683
0.04171500  0.00008200   0.15542643
0.04176000  0.00008200   0.15102112
0.04180500  0.00008200   0.14664081
0.04185000  0.00008200   0.14228538
0.04189500  0.00008200   0.13795474
0.04194000  0.00008200   0.13364878
0.04198500  0.00008200   0.12936740
0.04203000  0.00008200   0.12511051
0.04207500  0.00008200   0.12087799
0.04212000  0.00008200   0.11666975
0.04216500  0.00008200   0.11248568
0.04221000  0.00008200   0.10832569
0.04225500  0.00008200   0.10418967
0.04230000  0.00008200   0.10007752
0.04234500  0.00008200   0.09598915
0.04239000  0.00008200   0.09192444
0.04243500  0.00008200   0.08788330
0.04248000  0.00008200   0.08386563
0.04252500  0.00008200   0.07987133
0.04257000  0.00008200   0.07590029
0.04261500  0.00008200   0.07195242
0.04266000  0.00008200   0.06802762
0.04270500  0.00008200   0.06412579
0.04275000  0.00008200   0.06024682
0.04279500  0.00008200   0.05639062
0.04284000  0.00008200   0.05255709
0.04288500  0.00008200   0.04874613
0.04293000  0.00008200   0.04495764
0.04297500  0.00008200   0.04119152
0.04302000  0.00008200   0.03744767
0.04306500  0.00008200   0.03372600
0.04311000  0.00008200   0.03002640
0.04315500  0.00008200   0.02634878
0.04320000  0.00008200   0.02269304
0.04324500  0.00008200   0.01905908
0.04329000  0.00008200   0.01544680
0.04333500  0.00008200   0.01185610
0.00000000  0.00024600   82.94949914
0.00004500  0.00024600   83.19948164
0.00009000  0.00024600   83.44967138
0.00013500  0.00024600   83.70006379
0.00018000  0.00024600   83.95065425
0.00022500  0.00024600   84.20143812
0.00027000  0.00024600   84.45241070
0.00085500  0.00024600   87.73002153
0.00090000  0.00024600   87.98312164
0.00094500  0.00024600   88.23633541
0.00099000  0.00024600   88.48965751
0.00103500  0.00024600   88.74308260
0.00108000  0.00024600   88.99660527
0.00112500  0.00024600   89.25022009
0.00117000  0.00024600   89.50392159
0.00121500  0.00024600   89.75770424
0.00126000  0.00024600   90.01156251
0.00130500  0.00024600   90.26549080
0.00135000  0.00024600   90.51948347
0.00139500  0.00024600   90.77353486
0.00144000  0.00024600   91.02763926
0.00148500  0.00024600   91.28179092
0.00153000  0.00024600   91.53598405
0.00157500  0.00024600   91.79021282
0.00162000  0.00024600   92.04447138
0.00189000  0.00024600   93.57031479
0.00193500  0.00024600   93.82461434
0.00198000  0.00024600   94.07889535
0.00202500  0.00024600   94.33315162
0.00211500  0.00024600   94.84156489
0.00216000  0.00024600   95.09570927
0.00220500  0.00024600   95.34980368
0.00225000  0.00024600   95.60384171
0.00229500  0.00024600   95.85781692
0.00283500  0.00024600   98.89822447
0.00297000  0.00024600   99.65541361
0.00301500  0.00024600   99.90747757
0.00319500  0.00024600   100.91388279
0.00324000  0.00024600   101.16498569
0.00328500  0.00024600   101.41587482
0.00333000  0.00024600   101.66654290
0.00337500  0.00024600   101.91698264
0.00342000  0.00024600   102.16718669
0.00409500  0.00024600   105.88687647
0.00414000  0.00024600   106.13228530
0.00418500  0.00024600   106.37732882
0.00423000  0.00024600   106.62199912
0.00427500  0.00024600   106.86628828
0.00432000  0.00024600   107.11018833
0.00436500  0.00024600   107.35369130
0.00441000  0.00024600   107.59678918
0.00445500  0.00024600   107.83947392
0.00450000  0.00024600   108.08173746
0.00468000  0.00024600   109.04641733
0.00472500  0.00024600   109.28645294
0.00477000  0.00024600   109.52601840
0.00481500  0.00024600   109.76510547
0.00486000  0.00024600   110.00370587
0.00490500  0.00024600   110.24181132
0.00495000  0.00024600   110.47941349
0.00499500  0.00024600   110.71650405
0.00504000  0.00024600   110.95307464
0.00508500  0.00024600   111.18911686
0.00513000  0.00024600   111.42462232
0.00517500  0.00024600   111.65958259
0.00585000  0.00024600   115.11277201
0.00594000  0.00024600   115.56223115
0.00598500  0.00024600   115.78591501
0.00603000  0.00024600   116.00889008
0.00607500  0.00024600   116.23114758
0.00679500  0.00024600   119.68249172
0.00684000  0.00024600   119.89120108
0.00688500  0.00024600   120.09903371
0.00693000  0.00024600   120.30598073
0.00697500  0.00024600   120.51203324
0.00702000  0.00024600   120.71718236
0.00706500  0.00024600   120.92141919
0.00711000  0.00024600   121.12473485
0.00715500  0.00024600   121.32712045
0.00720000  0.00024600   121.52856710
0.00724500  0.00024600   121.72906592
0.00729000  0.00024600   121.92860803
0.00733500  0.00024600   122.12718455
0.00738000  0.00024600   122.32478661
0.00742500  0.00024600   122.52140536
0.00747000  0.00024600   122.71703191
0.00774000  0.00024600   123.86946010
0.00778500  0.00024600   124.05789389
0.00783000  0.00024600   124.24526491
0.00810000  0.00024600   125.34668190
0.00814500  0.00024600   125.52636838
0.00819000  0.00024600   125.70492223
0.00823500  0.00024600   125.88233479
0.00828000  0.00024600   126.05859742
0.00832500  0.00024600   126.23370149
0.00837000  0.00024600   126.40763840
0.00841500  0.00024600   126.58039956
0.00846000  0.00024600   126.75197641
0.00864000  0.00024600   127.42627011
0.00882000  0.00024600   128.08093542
0.00886500  0.00024600   128.24147176
0.00891000  0.00024600   128.40073942
0.00918000  0.00024600   129.32924091
0.00936000  0.00024600   129.92182955
0.00940500  0.00024600   130.06660126
0.00945000  0.00024600   130.21000686
0.00958500  0.00024600   130.63194830
0.00963000  0.00024600   130.76981092
0.00967500  0.00024600   130.90626835
0.00972000  0.00024600   131.04131289
0.00976500  0.00024600   131.17493688
0.00981000  0.00024600   131.30713270
0.00985500  0.00024600   131.43789279
0.00990000  0.00024600   131.56720960
0.01030500  0.00024600   132.66489393
0.01035000  0.00024600   132.77937402
0.01071000  0.00024600   133.63980885
0.01075500  0.00024600   133.74033603
0.01080000  0.00024600   133.83927958
0.01084500  0.00024600   133.93663305
0.01089000  0.00024600   134.03239004
0.01093500  0.00024600   134.12654423
0.01098000  0.00024600   134.21908933
0.01192500  0.00024600   135.78040227
0.01197000  0.00024600   135.83609040
0.01255500  0.00024600   136.40051378
0.01260000  0.00024600   136.43151389
0.01264500  0.00024600   136.46072086
0.01269000  0.00024600   136.48813113
0.01273500  0.00024600   136.51374126
0.01341000  0.00024600   136.67978701
0.01345500  0.00024600   136.67619451
0.01350000  0.00024600   136.67075624
0.01354500  0.00024600   136.66347029
0.01359000  0.00024600   136.65433486
0.01521000  0.00024600   135.08601646
0.01525500  0.00024600   135.00802239
0.01530000  0.00024600   134.92817884
0.01534500  0.00024600   134.84648765
0.01539000  0.00024600   134.76295075
0.01543500  0.00024600   134.67757016
0.01548000  0.00024600   134.59034801
0.01552500  0.00024600   134.50128650
0.01557000  0.00024600   134.41038794
0.01620000  0.00024600   132.94643244
0.01624500  0.00024600   132.82831842
0.01629000  0.00024600   132.70841692
0.01696500  0.00024600   130.69824414
0.01701000  0.00024600   130.55033054
0.01705500  0.00024600   130.40070738
0.01710000  0.00024600   130.24938004
0.01714500  0.00024600   130.09635395
0.01719000  0.00024600   129.94163465
0.01723500  0.00024600   129.78522774
0.01728000  0.00024600   129.62713892
0.01732500  0.00024600   129.46737396
0.01737000  0.00024600   129.30593874
0.01741500  0.00024600   129.14283917
0.01746000  0.00024600   128.97808128
0.01750500  0.00024600   128.81167117
0.01791000  0.00024600   127.24067540
0.01795500  0.00024600   127.05809570
0.01800000  0.00024600   126.87393597
0.01804500  0.00024600   126.68820324
0.01809000  0.00024600   126.50090459
0.01813500  0.00024600   126.31204717
0.01818000  0.00024600   126.12163823
0.01822500  0.00024600   125.92968505
0.01863000  0.00024600   124.13385453
0.01867500  0.00024600   123.92687557
0.01872000  0.00024600   123.71843715
0.01908000  0.00024600   121.99937332
0.01912500  0.00024600   121.77817126
0.01917000  0.00024600   121.55559339
0.01962000  0.00024600   119.25608044
0.01966500  0.00024600   119.01895301
0.01971000  0.00024600   118.78055733
0.01998000  0.00024600   117.32407308
0.02002500  0.00024600   117.07706206
0.02007000  0.00024600   116.82885827
0.02011500  0.00024600   116.57947132
0.02016000  0.00024600   116.32891088
0.02020500  0.00024600   116.07718663
0.02025000  0.00024600   115.82430831
0.02029500  0.00024600   115.57028569
0.02070000  0.00024600   113.23421696
0.02074500  0.00024600   112.96929589
0.02079000  0.00024600   112.70334011
0.02083500  0.00024600   112.43635976
0.02088000  0.00024600   112.16836499
0.02124000  0.00024600   109.98911496
0.02128500  0.00024600   109.71245149
0.02133000  0.00024600   109.43487642
0.02137500  0.00024600   109.15640014
0.02142000  0.00024600   108.87703305
0.02146500  0.00024600   108.59678557
0.02151000  0.00024600   108.31566812
0.02155500  0.00024600   108.03369115
0.02160000  0.00024600   107.75086511
0.02164500  0.00024600   107.46720046
0.02169000  0.00024600   107.18270767
0.02173500  0.00024600   106.89739724
0.02209500  0.00024600   104.58673914
0.02214000  0.00024600   104.29454287
0.02218500  0.00024600   104.00163415
0.02232000  0.00024600   103.11873866
0.02236500  0.00024600   102.82308551
0.02290500  0.00024600   99.22679380
0.02304000  0.00024600   98.31500298
0.02308500  0.00024600   98.01005373
0.02313000  0.00024600   97.70461234
0.02340000  0.00024600   95.86220925
0.02344500  0.00024600   95.55361265
0.02349000  0.00024600   95.24460649
0.02353500  0.00024600   94.93520103
0.02358000  0.00024600   94.62540647
0.02362500  0.00024600   94.31523301
0.02367000  0.00024600   94.00469085
0.02371500  0.00024600   93.69379012
0.02376000  0.00024600   93.38254096
0.02380500  0.00024600   93.07095348
0.02385000  0.00024600   92.75903777
0.02389500  0.00024600   92.44680387
0.02394000  0.00024600   92.13426182
0.02398500  0.00024600   91.82142163
0.02403000  0.00024600   91.50829328
0.02407500  0.00024600   91.19488671
0.02412000  0.00024600   90.88121186
0.02416500  0.00024600   90.56727862
0.02466000  0.00024600   87.09975885
0.02470500  0.00024600   86.78348558
0.02475000  0.00024600   86.46707970
0.02479500  0.00024600   86.15055066
0.02484000  0.00024600   85.83390785
0.02488500  0.00024600   85.51716065
0.02493000  0.00024600   85.20031837
0.02497500  0.00024600   84.88339031
0.02502000  0.00024600   84.56638572
0.02506500  0.00024600   84.24931382
0.02511000  0.00024600   83.93218376
0.02515500  0.00024600   83.61500470
0.02520000  0.00024600   83.29778572
0.02569500  0.00024600   79.80830190
0.02574000  0.00024600   79.49129809
0.02578500  0.00024600   79.17436875
0.02583000  0.00024600   78.85752237
0.02587500  0.00024600   78.54076740
0.02592000  0.00024600   78.22411223
0.02596500  0.00024600   77.90756523
0.02601000  0.00024600   77.59113470
0.02605500  0.00024600   77.27482890
0.02610000  0.00024600   76.95865604
0.02614500  0.00024600   76.64262428
0.02619000  0.00024600   76.32674175
0.02673000  0.00024600   72.55067886
0.02677500  0.00024600   72.23745263
0.02709000  0.00024600   70.05249357
0.02713500  0.00024600   69.74153236
0.02718000  0.00024600   69.43088634
0.02722500  0.00024600   69.12056249
0.02727000  0.00024600   68.81056769
0.02776500  0.00024600   65.42426287
0.02781000  0.00024600   65.11873561
0.02785500  0.00024600   64.81362225
0.02826000  0.00024600   62.08722508
0.02830500  0.00024600   61.78658020
0.02835000  0.00024600   61.48641392
0.02839500  0.00024600   61.18673178
0.02844000  0.00024600   60.88753929
0.02848500  0.00024600   60.58884190
0.02853000  0.00024600   60.29064500
0.02857500  0.00024600   59.99295392
0.02898000  0.00024600   57.33735035
0.02902500  0.00024600   57.04499922
0.02907000  0.00024600   56.75320906
0.02934000  0.00024600   55.01450759
0.02938500  0.00024600   54.72677263
0.02943000  0.00024600   54.43963468
0.02992500  0.00024600   51.32170245
0.02997000  0.00024600   51.04204637
0.03001500  0.00024600   50.76303868
0.03006000  0.00024600   50.48468298
0.03019500  0.00024600   49.65356287
0.03024000  0.00024600   49.37784997
0.03028500  0.00024600   49.10280624
0.03033000  0.00024600   48.82843497
0.03037500  0.00024600   48.55473940
0.03042000  0.00024600   48.28172271
0.03046500  0.00024600   48.00938805
0.03051000  0.00024600   47.73773849
0.03055500  0.00024600   47.46677708
0.03109500  0.00024600   44.26995609
0.03145500  0.00024600   42.19631436
0.03150000  0.00024600   41.94042125
0.03154500  0.00024600   41.68527112
0.03159000  0.00024600   41.43086595
0.03163500  0.00024600   41.17720764
0.03168000  0.00024600   40.92429807
0.03217500  0.00024600   38.19220373
0.03222000  0.00024600   37.94840989
0.03235500  0.00024600   37.22164911
0.03240000  0.00024600   36.98093992
0.03244500  0.00024600   36.74100492
0.03258000  0.00024600   36.02585613
0.03262500  0.00024600   35.78902878
0.03267000  0.00024600   35.55298088
0.03271500  0.00024600   35.31771337
0.03276000  0.00024600   35.08322714
0.03280500  0.00024600   34.84952306
0.03285000  0.00024600   34.61660196
0.03289500  0.00024600   34.38446461
0.03294000  0.00024600   34.15311178
0.03298500  0.00024600   33.92254417
0.03303000  0.00024600   33.69276246
0.03307500  0.00024600   33.46376731
0.03312000  0.00024600   33.23555931
0.03316500  0.00024600   33.00813903
0.03321000  0.00024600   32.78150702
0.03325500  0.00024600   32.55566377
0.03330000  0.00024600   32.33060975
0.03334500  0.00024600   32.10634540
0.03339000  0.00024600   31.88287110
0.03343500  0.00024600   31.66018724
0.03393000  0.00024600   29.26290410
0.03397500  0.00024600   29.04972185
0.03402000  0.00024600   28.83733181
0.03406500  0.00024600   28.62573391
0.03411000  0.00024600   28.41492802
0.03415500  0.00024600   28.20491402
0.03420000  0.00024600   27.99569173
0.03424500  0.00024600   27.78726095
0.03429000  0.00024600   27.57962146
0.03433500  0.00024600   27.37277299
0.03438000  0.00024600   27.16671528
0.03442500  0.00024600   26.96144800
0.03447000  0.00024600   26.75697081
0.03451500  0.00024600   26.55328335
0.03456000  0.00024600   26.35038523
0.03460500  0.00024600   26.14827602
0.03465000  0.00024600   25.94695527
0.03469500  0.00024600   25.74642252
0.03474000  0.00024600   25.54667725
0.03478500  0.00024600   25.34771895
0.03483000  0.00024600   25.14954707
0.03487500  0.00024600   24.95216101
0.03492000  0.00024600   24.75556019
0.03496500  0.00024600   24.55974398
0.03501000  0.00024600   24.36471172
0.03505500  0.00024600   24.17046274
0.03510000  0.00024600   23.97699633
0.03514500  0.00024600   23.78431178
0.03519000  0.00024600   23.59240833
0.03523500  0.00024600   23.40128522
0.03528000  0.00024600   23.21094164
0.03532500  0.00024600   23.02137679
0.03555000  0.00024600   22.08520317
0.03568500  0.00024600   21.53278653
0.03573000  0.00024600   21.35018975
0.03577500  0.00024600   21.16836231
0.03582000  0.00024600   20.98730317
0.03604500  0.00024600   20.09349364
0.03609000  0.00024600   19.91702105
0.03613500  0.00024600   19.74130884
0.03658500  0.00024600   18.02573363
0.03703500  0.00024600   16.38476125
0.03708000  0.00024600   16.22471228
0.03712500  0.00024600   16.06539332
0.03717000  0.00024600   15.90680283
0.03762000  0.00024600   14.36061255
0.03766500  0.00024600   14.20992900
0.03771000  0.00024600   14.05995430
0.03775500  0.00024600   13.91068674
0.03780000  0.00024600   13.76212458
0.03784500  0.00024600   13.61426611
0.03789000  0.00024600   13.46710958
0.03793500  0.00024600   13.32065323
0.03798000  0.00024600   13.17489530
0.03802500  0.00024600   13.02983402
0.03807000  0.00024600   12.88546761
0.03811500  0.00024600   12.74179426
0.03816000  0.00024600   12.59881219
0.03820500  0.00024600   12.45651958
0.03852000  0.00024600   11.47962219
0.03856500  0.00024600   11.34277902
0.03861000  0.00024600   11.20660861
0.03879000  0.00024600   10.66861677
0.03883500  0.00024600   10.53578170
0.03888000  0.00024600   10.40360793
0.03892500  0.00024600   10.27209353
0.03897000  0.00024600   10.14123656
0.03901500  0.00024600   10.01103507
0.03906000  0.00024600   9.88148711
0.03969000  0.00024600   8.13532833
0.03973500  0.00024600   8.01534506
0.03978000  0.00024600   7.89598334
0.04005000  0.00024600   7.19275124
0.04009500  0.00024600   7.07768314
0.04014000  0.00024600   6.96322021
0.04063500  0.00024600   5.74347750
0.04068000  0.00024600   5.63611508
0.04072500  0.00024600   5.52933085
0.04077000  0.00024600   5.42312273
0.04081500  0.00024600   5.31748862
0.04086000  0.00024600   5.21242645
0.04090500  0.00024600   5.10793411
0.04095000  0.00024600   5.00400953
0.04099500  0.00024600   4.90065060
0.04104000  0.00024600   4.79785524
0.04108500  0.00024600   4.69562135
0.04113000  0.00024600   4.59394684
0.04117500  0.00024600   4.49282961
0.04122000  0.00024600   4.39226758
0.04158000  0.00024600   3.60750692
0.04162500  0.00024600   3.51184738
0.04167000  0.00024600   3.41672210
0.04212000  0.00024600   2.49439382
0.04216500  0.00024600   2.40500756
0.04221000  0.00024600   2.31613053
0.04225500  0.00024600   2.22776065
0.04230000  0.00024600   2.13989586
0.04234500  0.00024600   2.05253407
0.04239000  0.00024600   1.96567321
0.04243500  0.00024600   1.87931122
0.04248000  0.00024600   1.79344602
0.04252500  0.00024600   1.70807555
0.04257000  0.00024600   1.62319776
0.04261500  0.00024600   1.53881057
0.04266000  0.00024600   1.45491192
0.04270500  0.00024600   1.37149977
0.04275000  0.00024600   1.28857205
0.04279500  0.00024600   1.20612671
0.04284000  0.00024600   1.12416171
0.04288500  0.00024600   1.04267500
0.04324500  0.00024600   0.40775476
0.04329000  0.00024600   0.33048093
0.04333500  0.00024600   0.25366507
0.04338000  0.00024600   0.17730515
0.04342500  0.00024600   0.10139917
0.04347000  0.00024600   0.02594511

