0.00000000  146.01077383
0.00007000  146.72887985
0.00014000  147.44783532
0.00021000  148.16760327
0.00028000  148.88814626
0.00035000  149.60942634
0.00042000  150.33140509
0.00049000  151.05404360
0.00056000  151.77730245
0.00063000  152.50114177
0.00070000  153.22552117
0.00077000  153.95039977
0.00084000  154.67573624
0.00091000  155.40148871
0.00098000  156.12761487
0.00105000  156.85407188
0.00112000  157.58081644
0.00119000  158.30780477
0.00126000  159.03499257
0.00133000  159.76233511
0.00140000  160.48978711
0.00147000  161.21730288
0.00154000  161.94483618
0.00161000  162.67234035
0.00168000  163.39976822
0.00175000  164.12707214
0.00182000  164.85420402
0.00189000  165.58111525
0.00196000  166.30775680
0.00203000  167.03407913
0.00210000  167.76003226
0.00217000  168.48556575
0.00224000  169.21062867
0.00231000  169.93516967
0.00238000  170.65913693
0.00245000  171.38247816
0.00252000  172.10514066
0.00259000  172.82707125
0.00266000  173.54821633
0.00273000  174.26852186
0.00280000  174.98793336
0.00287000  175.70639592
0.00294000  176.42385420
0.00301000  177.14025247
0.00308000  177.85553453
0.00315000  178.56964382
0.00322000  179.28252334
0.00329000  179.99411569
0.00336000  180.70436310
0.00343000  181.41320736
0.00350000  182.12058991
0.00357000  182.82645180
0.00364000  183.53073371
0.00371000  184.23337592
0.00378000  184.93431839
0.00385000  185.63350068
0.00392000  186.33086204
0.00399000  187.02634134
0.00406000  187.71987712
0.00413000  188.41140761
0.00420000  189.10087068
0.00427000  189.78820392
0.00434000  190.47334458
0.00441000  191.15622962
0.00448000  191.83679571
0.00455000  192.51497922
0.00462000  193.19071625
0.00469000  193.86394263
0.00476000  194.53459393
0.00483000  195.20260544
0.00490000  195.86791225
0.00497000  196.53044917
0.00504000  197.19015081
0.00511000  197.84695155
0.00518000  198.50078555
0.00525000  199.15158680
0.00532000  199.79928907
0.00539000  200.44382597
0.00546000  201.08513092
0.00553000  201.72313720
0.00560000  202.35777792
0.00567000  202.98898607
0.00574000  203.61669450
0.00581000  204.24083593
0.00588000  204.86134299
0.00595000  205.47814821
0.00602000  206.09118403
0.00609000  206.70038282
0.00616000  207.30567687
0.00623000  207.90699844
0.00630000  208.50427974
0.00637000  209.09745296
0.00644000  209.68645026
0.00651000  210.27120381
0.00658000  210.85164577
0.00665000  211.42770834
0.00672000  211.99932375
0.00679000  212.56642426
0.00686000  213.12894221
0.00693000  213.68680998
0.00700000  214.23996008
0.00707000  214.78832508
0.00714000  215.33183766
0.00721000  215.87043065
0.00728000  216.40403700
0.00735000  216.93258981
0.00742000  217.45602233
0.00749000  217.97426803
0.00756000  218.48726053
0.00763000  218.99493366
0.00770000  219.49722150
0.00777000  219.99405832
0.00784000  220.48537867
0.00791000  220.97111734
0.00798000  221.45120941
0.00805000  221.92559024
0.00812000  222.39419549
0.00819000  222.85696116
0.00826000  223.31382355
0.00833000  223.76471933
0.00840000  224.20958551
0.00847000  224.64835951
0.00854000  225.08097911
0.00861000  225.50738249
0.00868000  225.92750828
0.00875000  226.34129552
0.00882000  226.74868370
0.00889000  227.14961278
0.00896000  227.54402319
0.00903000  227.93185585
0.00910000  228.31305221
0.00917000  228.68755420
0.00924000  229.05530431
0.00931000  229.41624559
0.00938000  229.77032163
0.00945000  230.11747662
0.00952000  230.45765532
0.00959000  230.79080311
0.00966000  231.11686599
0.00973000  231.43579060
0.00980000  231.74752423
0.00987000  232.05201482
0.00994000  232.34921100
0.01001000  232.63906209
0.01008000  232.92151810
0.01015000  233.19652980
0.01022000  233.46404863
0.01029000  233.72402684
0.01036000  233.97641740
0.01043000  234.22117406
0.01050000  234.45825136
0.01057000  234.68760464
0.01064000  234.90919005
0.01071000  235.12296455
0.01078000  235.32888597
0.01085000  235.52691296
0.01092000  235.71700505
0.01099000  235.89912262
0.01106000  236.07322697
0.01113000  236.23928026
0.01120000  236.39724560
0.01127000  236.54708698
0.01134000  236.68876936
0.01141000  236.82225861
0.01148000  236.94752157
0.01155000  237.06452604
0.01162000  237.17324080
0.01169000  237.27363563
0.01176000  237.36568126
0.01183000  237.44934947
0.01190000  237.52461303
0.01197000  237.59144574
0.01204000  237.64982244
0.01211000  237.69971901
0.01218000  237.74111236
0.01225000  237.77398049
0.01232000  237.79830245
0.01239000  237.81405836
0.01246000  237.82122944
0.01253000  237.81979797
0.01260000  237.80974737
0.01267000  237.79106212
0.01274000  237.76372783
0.01281000  237.72773123
0.01288000  237.68306017
0.01295000  237.62970362
0.01302000  237.56765169
0.01309000  237.49689562
0.01316000  237.41742780
0.01323000  237.32924177
0.01330000  237.23233221
0.01337000  237.12669497
0.01344000  237.01232705
0.01351000  236.88922661
0.01358000  236.75739298
0.01365000  236.61682665
0.01372000  236.46752929
0.01379000  236.30950374
0.01386000  236.14275400
0.01393000  235.96728527
0.01400000  235.78310391
0.01407000  235.59021744
0.01414000  235.38863459
0.01421000  235.17836524
0.01428000  234.95942047
0.01435000  234.73181251
0.01442000  234.49555479
0.01449000  234.25066190
0.01456000  233.99714959
0.01463000  233.73503481
0.01470000  233.46433565
0.01477000  233.18507138
0.01484000  232.89726243
0.01491000  232.60093039
0.01498000  232.29609799
0.01505000  231.98278914
0.01512000  231.66102888
0.01519000  231.33084339
0.01526000  230.99225999
0.01533000  230.64530714
0.01540000  230.29001443
0.01547000  229.92641254
0.01554000  229.55453331
0.01561000  229.17440966
0.01568000  228.78607563
0.01575000  228.38956633
0.01582000  227.98491797
0.01589000  227.57216786
0.01596000  227.15135436
0.01603000  226.72251688
0.01610000  226.28569593
0.01617000  225.84093303
0.01624000  225.38827073
0.01631000  224.92775265
0.01638000  224.45942340
0.01645000  223.98332859
0.01652000  223.49951484
0.01659000  223.00802977
0.01666000  222.50892195
0.01673000  222.00224094
0.01680000  221.48803725
0.01687000  220.96636231
0.01694000  220.43726851
0.01701000  219.90080915
0.01708000  219.35703843
0.01715000  218.80601146
0.01722000  218.24778421
0.01729000  217.68241354
0.01736000  217.10995715
0.01743000  216.53047360
0.01750000  215.94402226
0.01757000  215.35066333
0.01764000  214.75045781
0.01771000  214.14346748
0.01778000  213.52975489
0.01785000  212.90938337
0.01792000  212.28241697
0.01799000  211.64892049
0.01806000  211.00895942
0.01813000  210.36259997
0.01820000  209.70990903
0.01827000  209.05095416
0.01834000  208.38580356
0.01841000  207.71452608
0.01848000  207.03719120
0.01855000  206.35386898
0.01862000  205.66463009
0.01869000  204.96954577
0.01876000  204.26868783
0.01883000  203.56212859
0.01890000  202.84994092
0.01897000  202.13219820
0.01904000  201.40897429
0.01911000  200.68034353
0.01918000  199.94638072
0.01925000  199.20716111
0.01932000  198.46276036
0.01939000  197.71325455
0.01946000  196.95872015
0.01953000  196.19923401
0.01960000  195.43487333
0.01967000  194.66571566
0.01974000  193.89183886
0.01981000  193.11332113
0.01988000  192.33024092
0.01995000  191.54267699
0.02002000  190.75070833
0.02009000  189.95441419
0.02016000  189.15387404
0.02023000  188.34916756
0.02030000  187.54037460
0.02037000  186.72757522
0.02044000  185.91084960
0.02051000  185.09027809
0.02058000  184.26594115
0.02065000  183.43791934
0.02072000  182.60629334
0.02079000  181.77114388
0.02086000  180.93255176
0.02093000  180.09059782
0.02100000  179.24536293
0.02107000  178.39692796
0.02114000  177.54537380
0.02121000  176.69078129
0.02128000  175.83323126
0.02135000  174.97280447
0.02142000  174.10958163
0.02149000  173.24364335
0.02156000  172.37507017
0.02163000  171.50394248
0.02170000  170.63034058
0.02177000  169.75434461
0.02184000  168.87603455
0.02191000  167.99549024
0.02198000  167.11279130
0.02205000  166.22801716
0.02212000  165.34124706
0.02219000  164.45255998
0.02226000  163.56203470
0.02233000  162.66974972
0.02240000  161.77578327
0.02247000  160.88021332
0.02254000  159.98311754
0.02261000  159.08457330
0.02268000  158.18465764
0.02275000  157.28344729
0.02282000  156.38101862
0.02289000  155.47744767
0.02296000  154.57281008
0.02303000  153.66718115
0.02310000  152.76063578
0.02317000  151.85324846
0.02324000  150.94509328
0.02331000  150.03624391
0.02338000  149.12677359
0.02345000  148.21675512
0.02352000  147.30626084
0.02359000  146.39536265
0.02366000  145.48413195
0.02373000  144.57263968
0.02380000  143.66095628
0.02387000  142.74915172
0.02394000  141.83729542
0.02401000  140.92545631
0.02408000  140.01370280
0.02415000  139.10210276
0.02422000  138.19072351
0.02429000  137.27963184
0.02436000  136.36889398
0.02443000  135.45857560
0.02450000  134.54874178
0.02457000  133.63945705
0.02464000  132.73078536
0.02471000  131.82279004
0.02478000  130.91553385
0.02485000  130.00907894
0.02492000  129.10348686
0.02499000  128.19881854
0.02506000  127.29513430
0.02513000  126.39249383
0.02520000  125.49095619
0.02527000  124.59057982
0.02534000  123.69142250
0.02541000  122.79354141
0.02548000  121.89699303
0.02555000  121.00183324
0.02562000  120.10811723
0.02569000  119.21589957
0.02576000  118.32523414
0.02583000  117.43617418
0.02590000  116.54877223
0.02597000  115.66308022
0.02604000  114.77914935
0.02611000  113.89703018
0.02618000  113.01677259
0.02625000  112.13842579
0.02632000  111.26203830
0.02639000  110.38765796
0.02646000  109.51533194
0.02653000  108.64510671
0.02660000  107.77702809
0.02667000  106.91114118
0.02674000  106.04749043
0.02681000  105.18611956
0.02688000  104.32707165
0.02695000  103.47038907
0.02702000  102.61611352
0.02709000  101.76428599
0.02716000  100.91494683
0.02723000  100.06813566
0.02730000  99.22389144
0.02737000  98.38225244
0.02744000  97.54325627
0.02751000  96.70693983
0.02758000  95.87333937
0.02765000  95.04249043
0.02772000  94.21442791
0.02779000  93.38918601
0.02786000  92.56679827
0.02793000  91.74729757
0.02800000  90.93071610
0.02807000  90.11708540
0.02814000  89.30643634
0.02821000  88.49879914
0.02828000  87.69420335
0.02835000  86.89267788
0.02842000  86.09425097
0.02849000  85.29895023
0.02856000  84.50680262
0.02863000  83.71783443
0.02870000  82.93207136
0.02877000  82.14953844
0.02884000  81.37026007
0.02891000  80.59426003
0.02898000  79.82156147
0.02905000  79.05218694
0.02912000  78.28615833
0.02919000  77.52349696
0.02926000  76.76422352
0.02933000  76.00835810
0.02940000  75.25592018
0.02947000  74.50692865
0.02954000  73.76140182
0.02961000  73.01935741
0.02968000  72.28081253
0.02975000  71.54578374
0.02982000  70.81428702
0.02989000  70.08633777
0.02996000  69.36195085
0.03003000  68.64114054
0.03010000  67.92392056
0.03017000  67.21030411
0.03024000  66.50030381
0.03031000  65.79393178
0.03038000  65.09119956
0.03045000  64.39211820
0.03052000  63.69669820
0.03059000  63.00494956
0.03066000  62.31688176
0.03073000  61.63250376
0.03080000  60.95182404
0.03087000  60.27485055
0.03094000  59.60159078
0.03101000  58.93205172
0.03108000  58.26623988
0.03115000  57.60416128
0.03122000  56.94582150
0.03129000  56.29122562
0.03136000  55.64037828
0.03143000  54.99328366
0.03150000  54.34994551
0.03157000  53.71036710
0.03164000  53.07455129
0.03171000  52.44250051
0.03178000  51.81421675
0.03185000  51.18970157
0.03192000  50.56895615
0.03199000  49.95198122
0.03206000  49.33877712
0.03213000  48.72934382
0.03220000  48.12368085
0.03227000  47.52178738
0.03234000  46.92366219
0.03241000  46.32930368
0.03248000  45.73870990
0.03255000  45.15187850
0.03262000  44.56880679
0.03269000  43.98949174
0.03276000  43.41392993
0.03283000  42.84211764
0.03290000  42.27405077
0.03297000  41.70972493
0.03304000  41.14913537
0.03311000  40.59227703
0.03318000  40.03914453
0.03325000  39.48973218
0.03332000  38.94403399
0.03339000  38.40204365
0.03346000  37.86375457
0.03353000  37.32915987
0.03360000  36.79825239
0.03367000  36.27102466
0.03374000  35.74746896
0.03381000  35.22757731
0.03388000  34.71134144
0.03395000  34.19875282
0.03402000  33.68980269
0.03409000  33.18448203
0.03416000  32.68278155
0.03423000  32.18469175
0.03430000  31.69020289
0.03437000  31.19930499
0.03444000  30.71198784
0.03451000  30.22824103
0.03458000  29.74805392
0.03465000  29.27141566
0.03472000  28.79831518
0.03479000  28.32874124
0.03486000  27.86268237
0.03493000  27.40012692
0.03500000  26.94106306
0.03507000  26.48547876
0.03514000  26.03336182
0.03521000  25.58469986
0.03528000  25.13948033
0.03535000  24.69769052
0.03542000  24.25931754
0.03549000  23.82434835
0.03556000  23.39276977
0.03563000  22.96456845
0.03570000  22.53973091
0.03577000  22.11824351
0.03584000  21.70009247
0.03591000  21.28526391
0.03598000  20.87374379
0.03605000  20.46551793
0.03612000  20.06057207
0.03619000  19.65889180
0.03626000  19.26046260
0.03633000  18.86526984
0.03640000  18.47329878
0.03647000  18.08453459
0.03654000  17.69896232
0.03661000  17.31656692
0.03668000  16.93733328
0.03675000  16.56124615
0.03682000  16.18829023
0.03689000  15.81845012
0.03696000  15.45171034
0.03703000  15.08805535
0.03710000  14.72746951
0.03717000  14.36993712
0.03724000  14.01544242
0.03731000  13.66396957
0.03738000  13.31550267
0.03745000  12.97002578
0.03752000  12.62752289
0.03759000  12.28797792
0.03766000  11.95137477
0.03773000  11.61769728
0.03780000  11.28692923
0.03787000  10.95905439
0.03794000  10.63405646
0.03801000  10.31191911
0.03808000  9.99262600
0.03815000  9.67616072
0.03822000  9.36250686
0.03829000  9.05164798
0.03836000  8.74356759
0.03843000  8.43824921
0.03850000  8.13567632
0.03857000  7.83583239
0.03864000  7.53870089
0.03871000  7.24426524
0.03878000  6.95250888
0.03885000  6.66341523
0.03892000  6.37696770
0.03899000  6.09314972
0.03906000  5.81194468
0.03913000  5.53333600
0.03920000  5.25730708
0.03927000  4.98384134
0.03934000  4.71292219
0.03941000  4.44453307
0.03948000  4.17865741
0.03955000  3.91527865
0.03962000  3.65438025
0.03969000  3.39594568
0.03976000  3.13995844
0.03983000  2.88640202
0.03990000  2.63525996
0.03997000  2.38651579
0.04004000  2.14015309
0.04011000  1.89615544
0.04018000  1.65450647
0.04025000  1.41518982
0.04032000  1.17818915
0.04039000  0.94348817
0.04046000  0.71107060
0.04053000  0.48092022
0.04060000  0.25302082
0.04067000  0.02735623
