0.00000000  870.65929544
0.00007000  874.31188672
0.00014000  877.96475138
0.00021000  881.61770636
0.00028000  885.27056691
0.00035000  888.92314663
0.00042000  892.57525749
0.00049000  896.22670977
0.00056000  899.87731213
0.00063000  903.52687158
0.00070000  907.17519351
0.00077000  910.82208165
0.00084000  914.46733815
0.00091000  918.11076350
0.00098000  921.75215661
0.00105000  925.39131477
0.00112000  929.02803370
0.00119000  932.66210749
0.00126000  936.29332868
0.00133000  939.92148825
0.00140000  943.54637559
0.00147000  947.16777855
0.00154000  950.78548345
0.00161000  954.39927505
0.00168000  958.00893662
0.00175000  961.61424989
0.00182000  965.21499511
0.00189000  968.81095104
0.00196000  972.40189496
0.00203000  975.98760269
0.00210000  979.56784861
0.00217000  983.14240563
0.00224000  986.71104528
0.00231000  990.27353766
0.00238000  993.82965149
0.00245000  997.37915408
0.00252000  1000.92181142
0.00259000  1004.45738814
0.00266000  1007.98564751
0.00273000  1011.50635154
0.00280000  1015.01926090
0.00287000  1018.52413501
0.00294000  1022.02073202
0.00301000  1025.50880885
0.00308000  1028.98812117
0.00315000  1032.45842348
0.00322000  1035.91946910
0.00329000  1039.37101016
0.00336000  1042.81279769
0.00343000  1046.24458156
0.00350000  1049.66611058
0.00357000  1053.07713248
0.00364000  1056.47739392
0.00371000  1059.86664055
0.00378000  1063.24461702
0.00385000  1066.61106700
0.00392000  1069.96573320
0.00399000  1073.30835739
0.00406000  1076.63868048
0.00413000  1079.95644247
0.00420000  1083.26138251
0.00427000  1086.55323894
0.00434000  1089.83174932
0.00441000  1093.09665041
0.00448000  1096.34767826
0.00455000  1099.58456821
0.00462000  1102.80705490
0.00469000  1106.01487236
0.00476000  1109.20775396
0.00483000  1112.38543252
0.00490000  1115.54764028
0.00497000  1118.69410898
0.00504000  1121.82456984
0.00511000  1124.93875365
0.00518000  1128.03639076
0.00525000  1131.11721114
0.00532000  1134.18094440
0.00539000  1137.22731982
0.00546000  1140.25606640
0.00553000  1143.26691290
0.00560000  1146.25958786
0.00567000  1149.23381961
0.00574000  1152.18933640
0.00581000  1155.12586631
0.00588000  1158.04313741
0.00595000  1160.94087770
0.00602000  1163.81881521
0.00609000  1166.67667803
0.00616000  1169.51419430
0.00623000  1172.33109232
0.00630000  1175.12710056
0.00637000  1177.90194768
0.00644000  1180.65536259
0.00651000  1183.38707450
0.00658000  1186.09681296
0.00665000  1188.78430786
0.00672000  1191.44928955
0.00679000  1194.09148880
0.00686000  1196.71063690
0.00693000  1199.30646568
0.00700000  1201.87870756
0.00707000  1204.42709559
0.00714000  1206.95136349
0.00721000  1209.45124570
0.00728000  1211.92647744
0.00735000  1214.37679472
0.00742000  1216.80193440
0.00749000  1219.20163426
0.00756000  1221.57563302
0.00763000  1223.92367036
0.00770000  1226.24548704
0.00777000  1228.54082488
0.00784000  1230.80942681
0.00791000  1233.05103698
0.00798000  1235.26540073
0.00805000  1237.45226466
0.00812000  1239.61137671
0.00819000  1241.74248617
0.00826000  1243.84534374
0.00833000  1245.91970158
0.00840000  1247.96531334
0.00847000  1249.98193424
0.00854000  1251.96932108
0.00861000  1253.92723233
0.00868000  1255.85542812
0.00875000  1257.75367034
0.00882000  1259.62172267
0.00889000  1261.45935062
0.00896000  1263.26632158
0.00903000  1265.04240488
0.00910000  1266.78737182
0.00917000  1268.50099571
0.00924000  1270.18305197
0.00931000  1271.83331809
0.00938000  1273.45157377
0.00945000  1275.03760089
0.00952000  1276.59118361
0.00959000  1278.11210838
0.00966000  1279.60016401
0.00973000  1281.05514172
0.00980000  1282.47683513
0.00987000  1283.86504041
0.00994000  1285.21955621
0.01001000  1286.54018379
0.01008000  1287.82672703
0.01015000  1289.07899247
0.01022000  1290.29678937
0.01029000  1291.47992975
0.01036000  1292.62822842
0.01043000  1293.74150305
0.01050000  1294.81957417
0.01057000  1295.86226527
0.01064000  1296.86940280
0.01071000  1297.84081620
0.01078000  1298.77633801
0.01085000  1299.67580381
0.01092000  1300.53905237
0.01099000  1301.36592559
0.01106000  1302.15626861
0.01113000  1302.90992981
0.01120000  1303.62676088
0.01127000  1304.30661681
0.01134000  1304.94935598
0.01141000  1305.55484017
0.01148000  1306.12293457
0.01155000  1306.65350789
0.01162000  1307.14643231
0.01169000  1307.60158358
0.01176000  1308.01884101
0.01183000  1308.39808753
0.01190000  1308.73920969
0.01197000  1309.04209774
0.01204000  1309.30664563
0.01211000  1309.53275102
0.01218000  1309.72031536
0.01225000  1309.86924387
0.01232000  1309.97944562
0.01239000  1310.05083349
0.01246000  1310.08332425
0.01253000  1310.07683859
0.01260000  1310.03130108
0.01267000  1309.94664027
0.01274000  1309.82278867
0.01281000  1309.65968278
0.01288000  1309.45726312
0.01295000  1309.21547423
0.01302000  1308.93426474
0.01309000  1308.61358730
0.01316000  1308.25339871
0.01323000  1307.85365982
0.01330000  1307.41433566
0.01337000  1306.93539535
0.01344000  1306.41681220
0.01351000  1305.85856367
0.01358000  1305.26063141
0.01365000  1304.62300125
0.01372000  1303.94566324
0.01379000  1303.22861162
0.01386000  1302.47184487
0.01393000  1301.67536568
0.01400000  1300.83918101
0.01407000  1304.78565039
0.01414000  1303.89649445
0.01421000  1302.96780599
0.01428000  1301.99960894
0.01435000  1300.99193143
0.01442000  1304.78498315
0.01449000  1303.72524382
0.01456000  1302.62626407
0.01463000  1301.48808896
0.01470000  1305.16801584
0.01477000  1303.97872129
0.01484000  1302.75052460
0.01491000  1301.48348762
0.01498000  1305.05277201
0.01505000  1303.73570066
0.01512000  1302.38013485
0.01519000  1305.87735698
0.01526000  1304.47273029
0.01533000  1303.02999367
0.01540000  1301.54923781
0.01547000  1304.94087008
0.01554000  1303.41238134
0.01561000  1301.84630891
0.01568000  1305.17003910
0.01575000  1303.55738719
0.01582000  1301.90762436
0.01589000  1305.16543434
0.01596000  1303.47031921
0.01603000  1301.73860233
0.01610000  1304.93257702
0.01617000  1303.15680685
0.01624000  1306.32175172
0.01631000  1304.50292560
0.01638000  1302.64847236
0.01645000  1305.75331681
0.01652000  1303.85721959
0.01659000  1301.92609618
0.01666000  1304.97317826
0.01673000  1303.00188829
0.01680000  1306.02418256
0.01687000  1304.01383899
0.01694000  1307.01247651
0.01701000  1304.96421786
0.01708000  1302.88255619
0.01715000  1305.82929876
0.01722000  1303.71133720
0.01729000  1306.63732921
0.01736000  1304.48426823
0.01743000  1302.29904014
0.01750000  1305.17755868
0.01757000  1302.95893480
0.01764000  1305.81973397
0.01771000  1303.56897026
0.01778000  1306.41329790
0.01785000  1304.13166948
0.01792000  1306.96078748
0.01799000  1304.64958743
0.01806000  1302.30868300
0.01813000  1305.09875901
0.01820000  1302.73011761
0.01827000  1305.50818630
0.01834000  1303.11314340
0.01841000  1305.88050915
0.01848000  1303.46041384
0.01855000  1306.21838899
0.01862000  1303.77460263
0.01869000  1306.52450609
0.01876000  1304.05840094
0.01883000  1306.80155673
0.01890000  1304.31451457
0.01897000  1307.05225036
0.01904000  1304.54566110
0.01911000  1307.27930671
0.01918000  1304.75456698
0.01925000  1307.48545295
0.01932000  1304.94396468
0.01939000  1307.67342073
0.01946000  1305.11658972
0.01953000  1302.53652099
0.01960000  1305.24783720
0.01967000  1302.65441207
0.01974000  1305.36761951
0.01981000  1302.76225090
0.01988000  1305.47866937
0.01995000  1302.86276915
0.02002000  1305.58371109
0.02009000  1302.95868865
0.02016000  1305.68545764
0.02023000  1303.05271842
0.02030000  1305.78660773
0.02037000  1303.14755176
0.02044000  1305.88984290
0.02051000  1303.24586338
0.02058000  1305.99782464
0.02065000  1303.35030649
0.02072000  1306.11319151
0.02079000  1303.46350995
0.02086000  1306.23855631
0.02093000  1303.58807546
0.02100000  1306.37650332
0.02107000  1303.72657478
0.02114000  1306.52958549
0.02121000  1303.88154700
0.02128000  1306.70032177
0.02135000  1304.05549582
0.02142000  1306.89119442
0.02149000  1304.25088692
0.02156000  1307.10464641
0.02163000  1304.47014540
0.02170000  1307.34307886
0.02177000  1304.71565322
0.02184000  1307.60884859
0.02191000  1304.98974675
0.02198000  1307.90426562
0.02205000  1305.29471441
0.02212000  1302.67350071
0.02219000  1305.60417424
0.02226000  1302.99420978
0.02233000  1305.94878209
0.02240000  1303.35123919
0.02247000  1306.33067624
0.02254000  1303.74670170
0.02261000  1306.75193849
0.02268000  1304.18265256
0.02275000  1307.21459217
0.02282000  1304.66108748
0.02289000  1307.72060022
0.02296000  1305.18394086
0.02303000  1302.63905214
0.02310000  1305.72408036
0.02317000  1303.19749022
0.02324000  1306.31217391
0.02331000  1303.80487595
0.02338000  1306.94996962
0.02345000  1304.46292594
0.02352000  1307.63914806
0.02359000  1305.17328849
0.02366000  1302.70124794
0.02373000  1305.90829643
0.02380000  1303.45869296
0.02387000  1306.69856747
0.02394000  1304.27225219
0.02401000  1307.54554592
0.02408000  1305.14333551
0.02415000  1302.73632435
0.02422000  1306.04385849
0.02429000  1303.66203736
0.02436000  1307.00437394
0.02443000  1304.64847617
0.02450000  1302.28863348
0.02457000  1305.66726160
0.02464000  1303.33430428
0.02471000  1306.74889109
0.02478000  1304.44346685
0.02485000  1307.89438272
0.02492000  1305.61710260
0.02499000  1303.33693365
0.02506000  1306.82642208
0.02513000  1304.57517953
0.02520000  1302.32140881
0.02527000  1305.85027488
0.02534000  1303.62613863
0.02541000  1307.19258381
0.02548000  1304.99855478
0.02555000  1302.80255618
0.02562000  1306.40941667
0.02569000  1304.24410505
0.02576000  1302.07708940
0.02583000  1305.72485346
0.02590000  1303.58903041
0.02597000  1307.27504980
0.02604000  1305.17075425
0.02611000  1303.06515363
0.02618000  1306.79258815
0.02625000  1304.71889399
0.02632000  1302.64406573
0.02639000  1306.41309542
0.02646000  1304.37048020
0.02653000  1302.32686760
0.02660000  1306.13756284
0.02667000  1304.12639862
0.02674000  1302.11434002
0.02681000  1305.96666393
0.02688000  1303.98721912
0.02695000  1302.00694978
0.02702000  1305.90076104
0.02709000  1303.95320250
0.02716000  1302.00485685
0.02723000  1305.93991270
0.02730000  1304.02430816
0.02737000  1302.10792229
0.02744000  1306.08388184
0.02751000  1304.20020257
0.02758000  1302.31571697
0.02765000  1306.33214471
0.02772000  1304.48026843
0.02779000  1302.62753100
0.02786000  1306.68390060
0.02793000  1304.86361462
0.02800000  1303.04238389
0.02807000  1307.13808211
0.02814000  1305.34908673
0.02821000  1303.55903526
0.02828000  1301.76785224
0.02835000  1305.90477729
0.02842000  1304.14542655
0.02849000  1302.38479936
0.02856000  1306.55936626
0.02863000  1304.83023309
0.02870000  1303.09965370
0.02877000  1307.31099583
0.02884000  1305.61152265
0.02891000  1303.91040987
0.02898000  1302.20755585
0.02905000  1306.45652562
0.02912000  1304.78416111
0.02919000  1303.10983406
0.02926000  1307.39335973
0.02933000  1305.74903355
0.02940000  1304.10250307
0.02947000  1302.45365122
0.02954000  1306.77175026
0.02961000  1305.15215924
0.02968000  1303.52998145
0.02975000  1301.90509223
0.02982000  1306.25587522
0.02989000  1304.65944783
0.02996000  1303.06002250
0.03003000  1307.44132190
0.03010000  1305.86974529
0.03017000  1304.29486899
0.03024000  1302.71655683
0.03031000  1307.12696407
0.03038000  1305.57561208
0.03045000  1304.02050579
0.03052000  1302.46150368
0.03059000  1306.89888697
0.03066000  1305.36591691
0.03073000  1303.82871845
0.03080000  1302.28714556
0.03087000  1306.74931477
0.03094000  1305.23281323
0.03101000  1303.71159308
0.03108000  1302.18550458
0.03115000  1306.67022555
0.03122000  1305.16822203
0.03129000  1303.66099686
0.03136000  1302.14839741
0.03143000  1306.65340600
0.03150000  1305.16388623
0.03157000  1303.66863220
0.03164000  1302.16748915
0.03171000  1306.69050477
0.03178000  1305.21142378
0.03185000  1303.72608947
0.03192000  1302.23434571
0.03199000  1306.77308442
0.03206000  1305.30237911
0.03213000  1303.82489805
0.03220000  1302.34048446
0.03227000  1306.89267145
0.03234000  1305.42827282
0.03241000  1303.95657555
0.03248000  1302.47742292
0.03255000  1307.04080441
0.03262000  1305.58064921
0.03269000  1304.11267483
0.03276000  1302.63672527
0.03283000  1307.20907977
0.03290000  1305.75112160
0.03297000  1304.28482873
0.03304000  1302.81004651
0.03311000  1307.38919537
0.03318000  1305.93141520
0.03325000  1304.46479235
0.03332000  1302.98917411
0.03339000  1301.50440856
0.03346000  1306.08217429
0.03353000  1304.61318239
0.03360000  1303.13470091
0.03367000  1301.64658058
0.03374000  1306.22647704
0.03381000  1304.75319902
0.03388000  1303.26994991
0.03395000  1301.77658361
0.03402000  1306.35664131
0.03409000  1304.87721747
0.03416000  1303.38735572
0.03423000  1301.88691359
0.03430000  1306.46524275
0.03437000  1304.97787846
0.03444000  1303.47962593
0.03451000  1301.97034675
0.03458000  1306.54514393
0.03465000  1305.04811657
0.03472000  1303.53976878
0.03479000  1302.01996662
0.03486000  1306.58952051
0.03493000  1305.08118573
0.03500000  1303.56111796
0.03507000  1302.02918803
0.03514000  1306.59188453
0.03521000  1305.07068180
0.03528000  1303.53735444
0.03535000  1301.99177834
0.03542000  1306.54610481
0.03549000  1305.01056227
0.03556000  1303.46252547
0.03563000  1301.90187564
0.03570000  1306.44642452
0.03577000  1304.89516308
0.03584000  1303.33106073
0.03591000  1301.75400426
0.03598000  1306.28747586
0.03605000  1304.71921266
0.03612000  1303.13778570
0.03619000  1301.54308748
0.03626000  1306.06429211
0.03633000  1304.47784333
0.03640000  1302.87793232
0.03647000  1307.39588243
0.03654000  1305.80387462
0.03661000  1304.19822700
0.03668000  1302.57884224
0.03675000  1307.08269189
0.03682000  1305.47075526
0.03689000  1303.84492301
0.03696000  1302.20510382
0.03703000  1306.69396541
0.03710000  1305.06119213
0.03717000  1303.41429269
0.03724000  1301.75318176
0.03731000  1306.22627952
0.03738000  1304.57186526
0.03745000  1302.90311959
0.03752000  1307.37053732
0.03759000  1305.70828935
0.03766000  1304.03160361
0.03773000  1302.34040515
0.03780000  1306.79094993
0.03787000  1305.10598888
0.03794000  1303.40642777
0.03801000  1301.69219758
0.03808000  1306.12538919
0.03815000  1304.41718773
0.03822000  1302.69424866
0.03829000  1307.12070510
0.03836000  1305.40370038
0.03843000  1303.67190254
0.03850000  1301.92525259
0.03857000  1306.33375176
0.03864000  1304.59291237
0.03871000  1302.83718350
0.03878000  1307.23856996
0.03885000  1305.48861965
0.03892000  1303.72375487
0.03899000  1301.94392622
0.03906000  1306.32704921
0.03913000  1304.55295606
0.03920000  1302.76389129
0.03927000  1307.13974089
0.03934000  1305.35643839
0.03941000  1303.55816816
0.03948000  1301.74488984
0.03955000  1306.10244778
0.03962000  1304.29496418
0.03969000  1302.47249251
0.03976000  1306.82281690
0.03983000  1305.00622120
0.03990000  1303.17466821
0.03997000  1307.51782092
0.04004000  1305.69224559
0.04011000  1303.85175402
0.04018000  1301.99631748
0.04025000  1306.32156467
0.04032000  1304.47223363
0.04039000  1302.60801292
0.04046000  1306.92637760
0.04053000  1305.06841134
0.04060000  1303.19561994
0.04067000  1301.30798194
0.04074000  1306.37594684
0.04081000  1305.36082486
0.04088000  1304.32316267
0.04095000  1303.26301417
0.04102000  1302.18043394
0.04109000  1301.07547724
0.04116000  1306.15345131
0.04123000  1305.03839738
0.04130000  1303.90126652
0.04137000  1302.74211585
0.04144000  1301.56100309
0.04151000  1306.56516542
0.04158000  1305.37497002
0.04165000  1304.16312011
0.04172000  1302.92967497
0.04179000  1301.67469443
0.04186000  1306.60805256
0.04193000  1305.34502664
0.04200000  1304.06077976
0.04207000  1302.75537299
0.04214000  1301.42886785
0.04221000  1306.29445625
0.04228000  1304.96096174
0.04235000  1303.60668902
0.04242000  1302.23170062
0.04249000  1307.05000864
0.04256000  1305.66890945
0.04263000  1304.26741771
0.04270000  1302.84559664
0.04277000  1301.40350979
0.04284000  1306.15954793
0.04291000  1304.71242703
0.04298000  1303.24536715
0.04305000  1301.75843229
0.04312000  1306.47159657
0.04319000  1304.98051773
0.04326000  1303.46989208
0.04333000  1301.93978383
0.04340000  1306.61202127
0.04347000  1305.07865959
0.04354000  1303.52614413
0.04361000  1301.95453907
0.04368000  1306.58778289
0.04375000  1305.01381352
0.04382000  1303.42108331
0.04389000  1301.80965621
0.04396000  1306.40582225
0.04403000  1304.79291663
0.04410000  1303.16164216
0.04417000  1307.73714908
0.04424000  1306.10508526
0.04431000  1304.45497860
0.04438000  1302.78689197
0.04445000  1307.32861171
0.04452000  1305.66060791
0.04459000  1303.97494823
0.04466000  1302.27169469
0.04473000  1306.78147073
0.04480000  1305.07916394
0.04487000  1303.35958489
0.04494000  1307.85246822
0.04501000  1306.13450477
0.04508000  1304.39958733
0.04515000  1302.64777583
0.04522000  1307.11185661
0.04529000  1305.36250287
0.04536000  1303.59656979
0.04543000  1301.81411600
0.04550000  1306.25114163
0.04557000  1304.47197515
0.04564000  1302.67659860
0.04571000  1307.10029284
0.04578000  1305.30884315
0.04585000  1303.50148960
0.04592000  1307.91276905
0.04599000  1306.10997050
0.04606000  1304.29156952
0.04613000  1302.45762032
0.04620000  1306.84601270
0.04627000  1305.01740365
0.04634000  1303.17354246
0.04641000  1307.55160048
0.04648000  1305.71368248
0.04655000  1303.86080306
0.04662000  1301.99301287
0.04669000  1306.35092559
0.04676000  1304.48982932
0.04683000  1302.61410690
0.04690000  1306.96364986
0.04697000  1305.09519670
0.04704000  1303.21239615
0.04711000  1307.55436255
0.04718000  1305.67939239
0.04725000  1303.79034747
0.04732000  1301.88727251
0.04739000  1306.21272689
0.04746000  1304.31817642
0.04753000  1302.40986154
0.04760000  1306.72952159
0.04767000  1304.83026148
0.04774000  1302.91749605
0.04781000  1307.23207381
0.04788000  1305.32887806
0.04795000  1303.41242936
0.04802000  1307.72261018
0.04809000  1305.81623032
0.04816000  1303.89684301
0.04823000  1301.96448427
0.04830000  1306.26233652
0.04837000  1304.34065790
0.04844000  1302.40624544
0.04851000  1306.70122719
0.04858000  1304.77796014
0.04865000  1302.84218967
0.04872000  1307.13490073
0.04879000  1305.21072449
0.04886000  1303.27426800
0.04893000  1307.56528061
0.04900000  1305.64085049
0.04907000  1303.70435588
0.04914000  1307.99421456
0.04921000  1306.07016161
0.04928000  1304.13425246
0.04935000  1302.18651132
0.04942000  1306.46830066
0.04949000  1304.53350154
0.04956000  1302.58707013
0.04963000  1306.86890246
0.04970000  1304.93579243
0.04977000  1302.99124223
0.04984000  1307.27357485
0.04991000  1305.34270829
0.04998000  1303.40058604
0.05005000  1307.68384867
0.05012000  1305.75575514
0.05019000  1303.81658273
0.05026000  1301.86634565
0.05033000  1306.14426862
0.05040000  1304.20846857
0.05047000  1302.26177192
0.05054000  1306.54155633
0.05061000  1304.60960555
0.05068000  1302.66691854
0.05075000  1306.94890843
0.05082000  1305.02125907
0.05089000  1303.08302619
0.05096000  1307.36753883
0.05103000  1305.44461836
0.05110000  1303.51125941
0.05117000  1307.79858549
0.05124000  1305.88079675
0.05131000  1303.95270688
0.05138000  1302.01431770
0.05145000  1306.29877013
0.05152000  1304.37624580
0.05159000  1302.44355091
0.05166000  1306.73142967
0.05173000  1304.81482208
0.05180000  1302.88816514
0.05187000  1307.17967985
0.05194000  1305.26931617
0.05201000  1303.34901691
0.05208000  1307.64435211
0.05215000  1305.74053572
0.05222000  1303.82689005
0.05229000  1301.90340716
0.05236000  1306.19718530
0.05243000  1304.29039168
0.05250000  1302.37385890
0.05257000  1306.67182949
0.05264000  1304.77214196
0.05271000  1302.86280613
0.05278000  1307.16507832
0.05285000  1305.27272810
0.05292000  1303.37081331
0.05299000  1307.67747312
0.05306000  1305.79266888
0.05313000  1303.89837676
0.05320000  1301.99457951
0.05327000  1306.30042559
0.05334000  1304.41386201
0.05341000  1302.51786229
0.05348000  1306.82824609
0.05355000  1304.94957372
0.05362000  1303.06152745
0.05369000  1307.37646655
0.05376000  1305.50582682
0.05383000  1303.62586877
0.05390000  1307.94535994
0.05397000  1306.08287338
0.05404000  1304.21111755
0.05411000  1302.33006654
0.05418000  1306.64896456
0.05425000  1304.78543135
0.05432000  1302.91264501
0.05439000  1307.23604576
0.05446000  1305.38081382
0.05453000  1303.51636461
0.05460000  1307.84420434
0.05467000  1305.99733299
0.05474000  1304.14127415
0.05481000  1302.28216877
0.05488000  1306.61621667
0.05495000  1304.77540618
0.05502000  1302.92533958
0.05509000  1307.26340212
0.05516000  1305.43695909
0.05523000  1303.60208065
0.05530000  1301.75786909
0.05537000  1306.10146204
0.05544000  1304.28072827
0.05551000  1302.45148084
0.05558000  1306.80551224
0.05565000  1304.99337105
0.05572000  1303.17809954
0.05579000  1307.54229457
0.05586000  1305.74483183
0.05593000  1303.94420416
0.05600000  1302.13492351
0.05607000  1306.50337647
0.05614000  1304.71082866
0.05621000  1302.91504269
0.05628000  1307.29289948
0.05635000  1305.51453898
0.05642000  1303.73289771
0.05649000  1301.94244619
0.05656000  1306.32357235
0.05663000  1304.55576947
0.05670000  1302.77909295
0.05677000  1307.16874042
0.05684000  1305.41453592
0.05691000  1303.65139117
0.05698000  1301.88475379
0.05705000  1306.28372309
0.05712000  1304.53371804
0.05719000  1302.78016873
0.05726000  1307.18668846
0.05733000  1305.44956724
0.05740000  1303.70884719
0.05747000  1301.95890061
0.05754000  1306.37271293
0.05761000  1304.64531200
0.05768000  1302.91417323
0.05775000  1307.33535940
0.05782000  1305.62004609
0.05789000  1303.90093646
0.05796000  1302.17234661
0.05803000  1306.59949573
0.05810000  1304.89290386
0.05817000  1303.17585017
0.05824000  1307.60847582
0.05831000  1305.91322167
0.05838000  1304.21396521
0.05845000  1302.50496789
0.05852000  1306.94312638
0.05859000  1305.25556596
0.05866000  1303.56385525
0.05873000  1301.86221861
0.05880000  1306.29848239
0.05887000  1304.61707050
0.05894000  1302.92565501
0.05901000  1307.37232953
0.05908000  1305.70178715
0.05915000  1304.02688244
0.05922000  1302.34178769
0.05929000  1306.79184920
0.05936000  1305.12726281
0.05943000  1303.45816423
0.05950000  1301.77869021
0.05957000  1306.23132299
0.05964000  1304.57199536
0.05971000  1302.90800656
0.05978000  1307.36350844
0.05985000  1305.71941070
0.05992000  1304.06472072
0.05999000  1302.40522053
0.06006000  1306.86185672
0.06013000  1305.22188927
0.06020000  1303.57114752
0.06027000  1301.90864410
0.06034000  1306.36477265
0.06041000  1304.72150924
0.06048000  1303.07322996
0.06055000  1307.53061076
0.06062000  1305.90132304
0.06069000  1304.26100928
0.06076000  1302.61553441
0.06083000  1307.07206868
0.06090000  1305.44523872
0.06097000  1303.80720662
0.06104000  1302.16387105
0.06111000  1306.61881737
0.06118000  1304.99378760
0.06125000  1303.35738326
0.06132000  1301.71553638
0.06139000  1306.16817482
0.06146000  1304.54430297
0.06153000  1302.90888823
0.06160000  1307.36659681
0.06167000  1305.74891884
0.06174000  1304.12564885
0.06181000  1302.49067074
0.06188000  1306.94486265
0.06195000  1305.32730384
0.06202000  1303.70402248
0.06209000  1302.06887253
0.06216000  1306.51888753
0.06223000  1304.90084965
0.06230000  1303.27696320
0.06237000  1301.64105277
0.06244000  1306.08625674
0.06251000  1304.46716208
0.06258000  1302.84209769
0.06265000  1307.28438702
0.06272000  1305.67593645
0.06279000  1304.05529812
0.06286000  1302.42145045
0.06293000  1306.85695213
0.06300000  1305.23950584
0.06307000  1303.61594166
0.06314000  1301.98001628
0.06321000  1306.40924652
0.06328000  1304.78945403
0.06335000  1303.16343507
0.06342000  1307.58861542
0.06349000  1305.97854890
0.06356000  1304.35597884
0.06363000  1302.72707809
0.06370000  1307.14503305
0.06377000  1305.52462567
0.06384000  1303.89786858
0.06391000  1302.25845411
0.06398000  1306.66787215
0.06405000  1305.04399305
0.06412000  1303.41366980
0.06419000  1301.77056873
0.06426000  1306.17198911
0.06433000  1304.54419970
0.06440000  1302.90260052
0.06447000  1307.29771749
0.06454000  1305.67135358
0.06461000  1304.03844994
0.06468000  1302.39263791
0.06475000  1306.77917291
0.06482000  1305.14839206
0.06489000  1303.50367257
0.06496000  1301.85231813
0.06503000  1306.22265008
0.06510000  1304.58621350
0.06517000  1302.93675697
0.06524000  1307.30010280
0.06531000  1305.66449081
0.06538000  1304.01585395
0.06545000  1302.36051602
0.06552000  1306.71459812
0.06559000  1305.07395595
0.06566000  1303.42019971
0.06573000  1301.75228552
0.06580000  1306.09585117
0.06587000  1304.44254779
0.06594000  1302.77509010
0.06601000  1307.11124972
0.06608000  1305.45837748
0.06615000  1303.79877316
0.06622000  1302.12596638
0.06629000  1306.44498360
0.06636000  1304.78566746
0.06643000  1303.11316132
0.06650000  1307.42459042
0.06657000  1305.76556258
0.06664000  1304.09335949
0.06671000  1302.41439221
0.06678000  1306.71601074
0.06685000  1305.04397171
0.06692000  1303.36519697
0.06699000  1301.67317384
0.06706000  1305.95644491
0.06713000  1304.27781764
0.06720000  1302.58596587
0.06727000  1306.86154286
0.06734000  1305.18309736
0.06741000  1303.49145339
0.06748000  1301.78555934
0.06755000  1306.05037463
0.06762000  1304.35891221
0.06769000  1302.65322848
0.06776000  1306.91040731
0.06783000  1305.21917909
0.06790000  1303.51376035
0.06797000  1301.80168082
0.06804000  1306.04170950
0.06811000  1304.33654718
0.06818000  1302.62476839
0.06825000  1306.85725181
0.06832000  1305.15241571
0.06839000  1303.44100915
0.06846000  1301.71645202
0.06853000  1305.93093410
0.06860000  1304.21990752
0.06867000  1302.49577179
0.06874000  1306.70283710
0.06881000  1304.99227587
0.06888000  1303.26864855
0.06895000  1307.46835838
0.06902000  1305.75077017
0.06909000  1304.02676569
0.06916000  1302.28973882
0.06923000  1306.47189420
0.06930000  1304.74859385
0.06937000  1303.01231824
0.06944000  1307.18738566
0.06951000  1305.46489063
0.06958000  1303.72946870
0.06965000  1301.98006001
0.06972000  1306.13786610
0.06979000  1304.40235412
0.06986000  1302.65396705
0.06993000  1306.80497815
0.07000000  1305.07054811
0.07007000  1303.32329467
0.07014000  1307.46759528
0.07021000  1305.72672495
0.07028000  1303.97973573
0.07035000  1302.21997774
0.07042000  1306.34766709
0.07049000  1304.59440330
0.07056000  1302.83508862
0.07063000  1306.95648010
0.07070000  1305.20478324
0.07077000  1303.44709717
0.07084000  1307.56228071
0.07091000  1305.81227082
0.07098000  1304.04866324
0.07105000  1302.27913587
0.07112000  1306.37838433
0.07119000  1304.61665105
0.07126000  1302.84137763
0.07133000  1306.93376849
0.07140000  1305.17411513
0.07147000  1303.40097628
0.07154000  1307.47999128
0.07161000  1305.72155086
0.07168000  1303.95075064
0.07175000  1302.16652231
0.07182000  1306.23036963
0.07189000  1304.46096903
0.07196000  1302.67926855
0.07203000  1306.73783026
0.07210000  1304.96331759
0.07217000  1303.18327410
0.07224000  1307.23673879
0.07231000  1305.46501440
0.07238000  1303.68010212
0.07245000  1301.88972858
0.07252000  1305.92879180
0.07259000  1304.14685223
0.07266000  1302.35178182
0.07273000  1306.38507487
0.07280000  1304.60630800
0.07287000  1302.81446334
0.07294000  1306.83541625
0.07301000  1305.05894056
0.07308000  1303.27051704
0.07315000  1307.28702722
0.07322000  1305.50628936
0.07329000  1303.72039865
0.07336000  1301.92261493
0.07343000  1305.92565271
0.07350000  1304.13565752
0.07357000  1302.34057459
0.07364000  1306.33954286
0.07371000  1304.55337517
0.07378000  1302.75441138
0.07385000  1306.74839283
0.07392000  1304.96623478
0.07399000  1303.17132810
0.07406000  1307.15370335
0.07413000  1305.36688376
0.07420000  1303.57520898
0.07427000  1301.77191525
0.07434000  1305.74175229
0.07441000  1303.94663208
0.07448000  1302.14671409
0.07455000  1306.11312534
0.07462000  1304.32249742
0.07469000  1302.51933195
0.07476000  1306.48137450
0.07483000  1304.69540022
0.07490000  1302.89692920
0.07497000  1306.84793946
0.07504000  1305.06568797
0.07511000  1303.27206457
0.07518000  1307.21995173
0.07525000  1305.43477688
0.07532000  1303.64506016
0.07539000  1301.84400839
0.07546000  1305.78020463
0.07553000  1303.98766273
0.07560000  1302.19062431
0.07567000  1306.12395308
0.07574000  1304.33652508
0.07581000  1302.53682082
0.07588000  1306.46630410
0.07595000  1304.68412069
0.07602000  1302.88969199
0.07609000  1306.80860903
0.07616000  1305.03070366
0.07623000  1303.24167180
0.07630000  1307.15792942
0.07637000  1305.37759848
0.07644000  1303.59298578
0.07651000  1301.79726998
0.07658000  1305.70245736
0.07665000  1303.91547448
0.07672000  1302.12424088
0.07679000  1306.02694612
0.07686000  1304.24552694
0.07693000  1302.45203802
0.07700000  1306.35124527
0.07707000  1304.57548587
0.07714000  1302.78767657
0.07721000  1306.68444906
0.07728000  1304.91435432
0.07735000  1303.13222752
0.07742000  1307.01868172
0.07749000  1305.25323917
0.07756000  1303.47687460
0.07763000  1307.36091069
0.07770000  1305.59334740
0.07777000  1303.82172099
0.07784000  1302.03917855
0.07791000  1305.91246775
0.07798000  1304.13872176
0.07805000  1302.36092548
0.07812000  1306.23187927
0.07819000  1304.46393699
0.07826000  1302.69195808
0.07833000  1306.56051332
0.07840000  1304.79834490
0.07847000  1303.02426918
0.07854000  1306.88935987
0.07861000  1305.13301271
0.07868000  1303.36476239
0.07875000  1307.21953557
0.07882000  1305.46795090
0.07889000  1303.70556344
0.07896000  1301.93126298
0.07903000  1305.78316986
0.07910000  1304.02652586
0.07917000  1302.25796918
0.07924000  1306.09945230
0.07931000  1304.34747972
0.07938000  1302.58469302
0.07945000  1306.42364776
0.07952000  1304.67738347
0.07959000  1302.92030162
0.07966000  1306.75663022
0.07973000  1305.00810233
0.07980000  1303.25563640
0.07987000  1307.08933817
0.07994000  1305.34645435
0.08001000  1303.59962816
0.08008000  1301.84195763
0.08015000  1305.66450424
0.08022000  1303.91525395
0.08029000  1302.16204638
0.08036000  1305.98181357
0.08043000  1304.23804992
0.08050000  1302.49032120
0.08057000  1306.30719236
0.08064000  1304.56882422
0.08071000  1302.82648145
0.08078000  1306.64033635
0.08085000  1304.90726774
0.08092000  1303.16228252
0.08099000  1306.97199358
0.08106000  1305.24420799
0.08113000  1303.50448917
0.08120000  1301.76075929
0.08127000  1305.55985259
0.08134000  1303.82522756
0.08141000  1302.07863548
0.08148000  1305.87338496
0.08155000  1304.14382975
0.08162000  1302.40228838
0.08169000  1306.18573343
0.08176000  1304.45217322
0.08183000  1302.70668518
0.08190000  1306.48581760
0.08197000  1304.75734349
0.08204000  1303.01691824
0.08211000  1306.78476405
0.08218000  1305.05228653
0.08225000  1303.31585790
0.08232000  1307.08040529
0.08239000  1305.35292145
0.08246000  1303.61351414
0.08253000  1301.86216362
0.08260000  1305.61376986
0.08267000  1303.87929678
0.08274000  1302.13285268
0.08281000  1305.87305637
0.08288000  1304.13440457
0.08295000  1302.39178704
0.08302000  1306.12857613
0.08309000  1304.39474186
0.08316000  1302.64895609
0.08323000  1306.38115971
0.08330000  1304.65208017
0.08337000  1302.91101729
0.08344000  1306.63162976
0.08351000  1304.89817572
0.08358000  1303.16074398
0.08365000  1306.87774900
0.08372000  1305.14891071
0.08379000  1303.40810129
0.08386000  1301.66326540
0.08393000  1305.36793251
0.08400000  1303.63156742
0.08407000  1301.88317532
0.08414000  1305.58292916
0.08421000  1303.85093633
0.08428000  1302.10688148
0.08435000  1305.79470262
0.08442000  1304.06589746
0.08449000  1302.32610505
0.08456000  1306.00988285
0.08463000  1304.27724727
0.08470000  1302.54052929
0.08477000  1306.22019460
0.08484000  1304.49161590
0.08491000  1302.75891985
0.08498000  1306.43430047
0.08505000  1304.70961504
0.08512000  1302.97280202
0.08519000  1306.64271736
0.08526000  1304.92184636
0.08533000  1303.18881049
0.08540000  1306.84623553
0.08547000  1305.12798778
0.08554000  1303.39864883
0.08561000  1301.65708521
0.08568000  1305.30903127
0.08575000  1303.58316071
0.08582000  1301.84502919
0.08589000  1305.48418396
0.08596000  1303.76059351
0.08603000  1302.02581799
0.08610000  1305.66009274
0.08617000  1303.93175299
0.08624000  1302.19914397
0.08631000  1305.82847850
0.08638000  1304.10329180
0.08645000  1302.37380041
0.08652000  1305.99803295
0.08659000  1304.27583844
0.08666000  1302.54930416
0.08673000  1306.16827590
0.08680000  1304.44891435
0.08687000  1302.71719089
0.08694000  1306.32973444
0.08701000  1304.61313316
0.08708000  1302.88413446
0.08715000  1306.49120916
0.08722000  1304.77721072
0.08729000  1303.05077994
0.08736000  1306.64425590
0.08743000  1304.93167721
0.08750000  1303.20774441
0.08757000  1306.79555239
0.08764000  1305.08535138
0.08771000  1303.36376212
0.08778000  1306.94575516
0.08785000  1305.23777902
0.08792000  1303.51838116
0.08799000  1301.78642843
0.08806000  1305.35320548
0.08813000  1303.63475968
0.08820000  1301.90484105
0.08827000  1305.46557353
0.08834000  1303.74904883
0.08841000  1302.02102028
0.08848000  1305.57557531
0.08855000  1303.86082965
0.08862000  1302.13455001
0.08869000  1305.68279875
0.08876000  1303.96969295
0.08883000  1302.24502391
0.08890000  1305.78684158
0.08897000  1304.06725073
0.08904000  1302.34302791
0.08911000  1305.87839561
0.08918000  1304.16025974
0.08925000  1302.43746356
0.08932000  1305.96626231
0.08939000  1304.24944947
0.08946000  1302.52794882
0.08953000  1306.05006383
0.08960000  1304.33444519
0.08967000  1302.61411208
0.08974000  1306.12943277
0.08981000  1304.41488263
0.08988000  1302.69559225
0.08995000  1306.20401224
0.09002000  1304.49040808
0.09009000  1302.76404810
0.09016000  1306.26445274
0.09023000  1304.55176009
0.09030000  1302.82628791
0.09037000  1306.31969170
0.09044000  1304.60779254
0.09051000  1302.88309115
0.09058000  1306.36939783
0.09065000  1304.65817738
0.09072000  1302.93413301
0.09079000  1306.41325049
0.09086000  1304.70259721
0.09093000  1302.97909931
0.09100000  1306.44296311
0.09107000  1304.73174122
0.09114000  1303.00876729
0.09121000  1306.46537197
0.09128000  1304.75458752
0.09135000  1303.03203153
0.09142000  1306.48129496
0.09149000  1304.77084415
0.09156000  1303.04860328
0.09163000  1306.49044734
0.09170000  1304.78022957
0.09177000  1303.05820418
0.09184000  1306.49255477
0.09191000  1304.78247259
0.09198000  1303.06056620
0.09205000  1306.48735311
0.09212000  1304.76933820
0.09219000  1303.04643027
0.09226000  1306.46568837
0.09233000  1304.74770933
0.09240000  1303.02482042
0.09247000  1306.43648471
0.09254000  1304.71845155
0.09261000  1302.99549249
0.09268000  1306.39950176
0.09275000  1304.68132748
0.09282000  1302.95821212
0.09289000  1306.35450882
0.09296000  1304.63610942
0.09303000  1302.90478322
0.09310000  1306.29230308
0.09317000  1304.57368204
0.09324000  1302.84212214
0.09331000  1306.22192476
0.09338000  1304.50300192
0.09345000  1302.77112903
0.09352000  1306.14316505
0.09359000  1304.42386307
0.09366000  1302.69160069
0.09373000  1306.05582418
0.09380000  1304.33606848
0.09387000  1302.60334286
0.09394000  1305.95175843
0.09401000  1304.23045269
0.09408000  1302.49727728
0.09415000  1305.83790071
0.09422000  1304.11608366
0.09429000  1302.38238809
0.09436000  1305.71518083
0.09443000  1303.99278389
0.09450000  1302.25850035
0.09457000  1305.58342694
0.09464000  1303.86038408
0.09471000  1302.12544727
0.09478000  1305.44247527
0.09485000  1303.71077541
0.09492000  1301.97409868
0.09499000  1305.28329911
0.09506000  1303.55091506
0.09513000  1301.81354522
0.09520000  1305.11488900
0.09527000  1303.38176008
0.09534000  1306.68398292
0.09541000  1304.96304620
0.09548000  1303.22917232
0.09555000  1306.51557685
0.09562000  1304.79281916
0.09569000  1303.05822449
0.09576000  1306.33681713
0.09583000  1304.61328462
0.09590000  1302.87790911
0.09597000  1306.14866427
0.09604000  1304.41636979
0.09611000  1302.67913402
0.09618000  1305.94212858
0.09625000  1304.20903056
0.09632000  1302.47098299
0.09639000  1305.72619359
0.09646000  1303.99223528
0.09653000  1302.25331963
0.09660000  1305.50072517
0.09667000  1303.76585164
0.09674000  1302.01808960
0.09681000  1305.25666638
0.09688000  1303.52090847
0.09695000  1301.77225786
0.09702000  1305.00309267
0.09709000  1303.26639696
0.09716000  1306.49132867
0.09723000  1304.75758249
0.09730000  1303.01893607
0.09737000  1306.23621278
0.09744000  1304.50157199
0.09751000  1302.76202273
0.09758000  1305.97162445
0.09765000  1304.23603422
0.09772000  1302.48762184
0.09779000  1305.68852778
0.09786000  1303.95201850
0.09793000  1302.20268248
0.09800000  1305.39597728
0.09807000  1303.65849491
0.09814000  1301.90818158
0.09821000  1305.08595874
0.09828000  1303.34643425
0.09835000  1306.52639746
0.09842000  1304.79079801
0.09849000  1303.05033638
0.09856000  1306.22275922
0.09863000  1304.48617569
0.09870000  1302.73683431
0.09877000  1305.90069758
0.09884000  1304.16315857
0.09891000  1302.41285629
0.09898000  1305.56924103
0.09905000  1303.83069066
0.09912000  1302.07937185
0.09919000  1305.22038974
0.09926000  1303.47975934
0.09933000  1301.72745299
0.09940000  1304.86105930
0.09947000  1303.11152083
0.09954000  1306.24639307
0.09961000  1304.50860447
0.09968000  1302.75811773
0.09975000  1305.88565975
0.09982000  1304.14687019
0.09989000  1302.39537589
0.09996000  1305.50771209
0.10003000  1303.76685118
0.10010000  1302.01437429
0.10017000  1305.11944017
0.10024000  1303.36968999
0.10031000  1306.47611899
0.10038000  1304.73805748
0.10045000  1302.98735711
0.10052000  1306.08659102
0.10059000  1304.34752401
0.10066000  1302.59580989
0.10073000  1305.67998580
0.10080000  1303.93884068
0.10087000  1302.18613321
0.10094000  1305.26316589
0.10101000  1303.51313481
0.10108000  1301.75836027
0.10115000  1304.82832235
0.10122000  1303.07726663
0.10129000  1306.14866442
0.10136000  1304.40917068
0.10143000  1302.65708188
0.10150000  1305.71355860
0.10157000  1303.97196680
0.10164000  1302.21886058
0.10171000  1305.26830972
0.10178000  1303.51782225
0.10185000  1301.76262249
0.10192000  1304.80511217
0.10199000  1303.05356852
0.10206000  1306.08976576
0.10213000  1304.34869653
0.10220000  1302.59616616
0.10227000  1305.62546887
0.10234000  1303.88335182
0.10241000  1302.12976072
0.10248000  1305.15213363
0.10255000  1303.40109236
0.10262000  1306.42506972
0.10269000  1304.68547645
0.10276000  1302.93338353
0.10283000  1305.94269594
0.10290000  1304.20098359
0.10297000  1302.44784419
0.10304000  1305.45034470
0.10311000  1303.69973207
0.10318000  1301.94446380
0.10325000  1304.94021034
0.10332000  1303.18849582
0.10339000  1306.18590409
0.10346000  1304.44553237
0.10353000  1302.69269170
0.10360000  1305.67552221
0.10367000  1303.93295636
0.10374000  1302.17898978
0.10381000  1305.15507315
0.10388000  1303.40354312
0.10395000  1306.38136342
0.10402000  1304.64112841
0.10409000  1302.88846451
0.10416000  1305.85957662
0.10423000  1304.11813754
0.10430000  1302.36425218
0.10437000  1305.32085557
0.10444000  1303.57712665
0.10451000  1301.82201528
0.10458000  1304.77191784
0.10465000  1303.01914074
0.10472000  1305.97081964
0.10479000  1304.22921236
0.10486000  1302.47519384
0.10493000  1305.41246546
0.10500000  1303.66854701
0.10507000  1301.91327739
0.10514000  1304.84393097
0.10521000  1303.09868876
0.10528000  1306.03216177
0.10535000  1304.29020526
0.10542000  1302.53586804
0.10549000  1305.46167057
0.10556000  1303.71836537
0.10563000  1301.96265857
0.10570000  1304.87409461
0.10577000  1303.12835026
0.10584000  1306.04266017
0.10591000  1304.30014700
0.10598000  1302.55299860
0.10605000  1305.46068741
0.10612000  1303.71669833
0.10619000  1301.96033269
0.10626000  1304.86036343
0.10633000  1303.11488167
0.10640000  1306.01003302
0.10647000  1304.26664798
0.10654000  1302.51863609
0.10661000  1305.40722723
0.10668000  1303.66231273
0.10675000  1301.91274212
0.10682000  1304.79471132
0.10689000  1303.04816456
0.10696000  1305.92423966
0.10703000  1304.18741258
0.10710000  1302.43926724
0.10717000  1305.30873890
0.10724000  1303.57023276
0.10731000  1301.82038306
0.10738000  1304.68318819
0.10745000  1302.93522375
0.10752000  1305.79985993
0.10759000  1304.06252165
0.10766000  1302.31280988
0.10773000  1305.16312887
0.10780000  1303.42297421
0.10787000  1301.67148891
0.10794000  1304.51518798
0.10801000  1302.77317815
0.10808000  1305.61972082
0.10815000  1303.88050876
0.10822000  1302.12893627
0.10829000  1304.96779747
0.10836000  1303.22668082
0.10843000  1300.00000000
0.10850000  1300.00000000
0.10857000  1297.94524643
0.10864000  1296.16306237
0.10871000  1294.36835845
0.10878000  1292.56878551
0.10885000  1290.75765794
0.10892000  1288.93389412
0.10899000  1287.10515292
0.10906000  1285.26474349
0.10913000  1283.41158407
0.10920000  1281.54566263
0.10927000  1279.67465167
0.10934000  1277.79185062
0.10941000  1275.89617702
0.10948000  1273.99531208
0.10955000  1272.08254967
0.10962000  1270.15680727
0.10969000  1268.22577511
0.10976000  1266.28274139
0.10983000  1264.32662354
0.10990000  1262.35741276
0.10997000  1260.38281432
0.11004000  1258.39610603
0.11011000  1256.39620476
0.11018000  1254.39082559
0.11025000  1252.37324027
0.11032000  1250.34236573
0.11039000  1248.29819579
0.11046000  1246.24846167
0.11053000  1244.18642420
0.11060000  1242.11099985
0.11067000  1240.02993040
0.11074000  1237.93647029
0.11081000  1235.82953614
0.11088000  1233.71688063
0.11095000  1231.59175164
0.11102000  1229.45306596
0.11109000  1227.30082195
0.11116000  1225.14279003
0.11123000  1222.97220640
0.11130000  1220.78798755
0.11137000  1218.59791564
0.11144000  1216.39521993
0.11151000  1214.17881715
0.11158000  1211.95650159
0.11165000  1209.72149536
0.11172000  1207.47271553
0.11179000  1205.21016580
0.11186000  1202.94165992
0.11193000  1200.66040748
0.11200000  1198.36532537
0.11207000  1196.06424031
0.11214000  1193.75035436
0.11221000  1191.42258479
0.11228000  1189.08877168
0.11235000  1186.74210936
0.11242000  1184.38151552
0.11249000  1182.00700011
0.11256000  1179.62642447
0.11263000  1177.23296949
0.11270000  1174.82555285
0.11277000  1172.41205018
0.11284000  1169.98563419
0.11291000  1167.54522304
0.11298000  1165.09870706
0.11305000  1162.63925057
0.11312000  1160.16577226
0.11319000  1157.67828915
0.11326000  1155.18471470
0.11333000  1152.67819882
0.11340000  1150.15766031
0.11347000  1147.63102828
0.11354000  1145.09144375
0.11361000  1142.53782611
0.11368000  1139.97812054
0.11375000  1137.40545895
0.11382000  1134.81876134
0.11389000  1132.22598938
0.11396000  1129.62026564
0.11403000  1127.00051077
0.11410000  1124.36675232
0.11417000  1121.72697759
0.11424000  1119.07429337
0.11431000  1116.40762054
0.11438000  1113.73496391
0.11445000  1111.04942038
0.11452000  1108.34991151
0.11459000  1105.64446001
0.11466000  1102.92615265
0.11473000  1100.19391171
0.11480000  1097.45577823
0.11487000  1094.70482860
0.11494000  1091.93998580
0.11501000  1089.16128920
0.11508000  1086.37680809
0.11515000  1083.57960154
0.11522000  1080.76859284
0.11529000  1077.95187066
0.11536000  1075.12248306
0.11543000  1072.27935406
0.11550000  1069.43059215
0.11557000  1066.56923409
0.11564000  1063.69420465
0.11571000  1060.81363256
0.11578000  1057.92054300
0.11585000  1055.01386150
0.11592000  1052.10173743
0.11599000  1049.17718417
0.11606000  1046.23912795
0.11613000  1043.28762423
0.11620000  1040.33085392
0.11627000  1037.36181095
0.11634000  1034.37942183
0.11641000  1031.39188917
0.11648000  1028.39219436
0.11655000  1025.37926457
0.11662000  1022.36132460
0.11669000  1019.33134295
0.11676000  1016.28824748
0.11683000  1013.24028558
0.11690000  1010.18041255
0.11697000  1007.10755691
0.11704000  1004.02998905
0.11711000  1000.94065081
0.11718000  997.83847127
0.11725000  994.72352325
0.11732000  991.60411191
0.11739000  988.47315724
0.11746000  985.32958844
0.11753000  982.18173472
0.11760000  979.02250177
0.11767000  975.85081927
0.11774000  972.67504096
0.11781000  969.48805783
0.11788000  966.28880004
0.11795000  963.08564623
0.11802000  959.87147238
0.11809000  956.64520903
0.11816000  953.41526019
0.11823000  950.17448641
0.11830000  946.92181862
0.11837000  943.66568653
0.11844000  940.39893495
0.11851000  937.12049509
0.11858000  933.83046095
0.11865000  930.53730078
0.11872000  927.23383435
0.11879000  923.91899241
0.11886000  920.60126993
0.11893000  917.27347001
0.11900000  913.93452347
0.11907000  910.59295243
0.11914000  907.24154289
0.11921000  903.87922570
0.11928000  900.51455048
0.11935000  897.14028575
0.11942000  893.75536226
0.11949000  890.36835756
0.11956000  886.97202226
0.11963000  883.56528693
0.11970000  880.14826296
0.11977000  876.72956938
0.11984000  873.30192877
0.11991000  869.86427055
0.11998000  866.42524258
0.12005000  862.97754853
0.12012000  859.52011735
0.12019000  856.06162611
0.12026000  852.59475913
0.12033000  849.11844478
0.12040000  845.64138969
0.12047000  842.15625838
0.12054000  838.66197854
0.12061000  835.16728666
0.12068000  831.66482707
0.12075000  828.15352659
0.12082000  824.63351257
0.12089000  821.11356572
0.12096000  817.58629907
0.12103000  814.05063737
0.12110000  810.51539206
0.12117000  806.97315484
0.12124000  803.42284931
0.12131000  799.87331792
0.12138000  796.31713063
0.12145000  792.75320968
0.12152000  789.19042887
0.12159000  785.62133594
0.12166000  782.04485163
0.12173000  778.46988139
0.12180000  774.88895026
0.12187000  771.30097732
0.12194000  767.70610347
0.12201000  764.11328074
0.12208000  760.51499947
0.12215000  756.91017552
0.12222000  753.30779325
0.12229000  749.70031922
0.12236000  746.08666719
0.12243000  742.47585414
0.12250000  738.86032235
0.12257000  735.23898332
0.12264000  731.62088689
0.12271000  727.99845060
0.12278000  724.37058351
0.12285000  720.74636854
0.12292000  717.11819804
0.12299000  713.48497843
0.12306000  709.85582595
0.12313000  706.22310728
0.12320000  702.58572603
0.12327000  698.94383488
0.12334000  695.30659892
0.12341000  691.66634603
0.12348000  688.02197500
0.12355000  684.38268477
0.12362000  680.74077645
0.12369000  677.09514552
0.12376000  673.45502496
0.12383000  669.81268865
0.12390000  666.16702858
0.12397000  662.52731192
0.12404000  658.88578486
0.12411000  655.24133573
0.12418000  651.60326603
0.12425000  647.96379384
0.12432000  644.32180357
0.12439000  640.68663123
0.12446000  637.05046636
0.12453000  633.41218925
0.12460000  629.77195852
0.12467000  626.13916066
0.12474000  622.50594248
0.12481000  618.87117772
0.12488000  615.24428770
0.12495000  611.61738966
0.12502000  607.98935271
0.12509000  604.36963315
0.12516000  600.75031819
0.12523000  597.13027217
0.12530000  593.51898639
0.12537000  589.90851766
0.12544000  586.29772533
0.12551000  582.69613578
0.12558000  579.09577506
0.12565000  575.49549729
0.12572000  571.90486400
0.12579000  568.31587008
0.12586000  564.72736425
0.12593000  561.14894323
0.12600000  557.57257038
0.12607000  553.99708881
0.12614000  550.43213046
0.12621000  546.86962682
0.12628000  543.30841521
0.12635000  539.74865205
0.12642000  536.20002078
0.12649000  532.65440572
0.12656000  529.11063535
0.12663000  525.57842839
0.12670000  522.04963649
0.12677000  518.52308188
0.12684000  515.00851853
0.12691000  511.49776511
0.12698000  507.98963742
0.12705000  504.49392466
0.12712000  501.00241225
0.12719000  497.51390936
0.12726000  494.03824037
0.12733000  490.56715718
0.12740000  487.09946219
0.12747000  483.64501485
0.12754000  480.19553332
0.12761000  476.74981306
0.12768000  473.31774852
0.12775000  469.89102388
0.12782000  466.46842749
0.12789000  463.05988872
0.12796000  459.65705757
0.12803000  456.25871511
0.12810000  452.87482553
0.12817000  449.49700444
0.12824000  446.12402553
0.12831000  442.76588764
0.12838000  439.41417186
0.12845000  436.06764433
0.12852000  432.73633841
0.12859000  429.41180054
0.12866000  426.09278918
0.12873000  422.77943998
0.12880000  419.48183686
0.12887000  416.19147551
0.12894000  412.90710316
0.12901000  409.63883793
0.12908000  406.37814056
0.12915000  403.12375031
0.12922000  399.88581931
0.12929000  396.65577327
0.12936000  393.43234341
0.12943000  390.22571561
0.12950000  387.02728055
0.12957000  383.83576130
0.12964000  380.66137728
0.12971000  377.49548412
0.12978000  374.33679664
0.12985000  371.19556759
0.12992000  368.06311752
0.12999000  364.93815298
0.13006000  361.83095974
0.13013000  358.73282335
0.13020000  355.64244199
0.13027000  352.57013419
0.13034000  349.50715058
0.13041000  346.45218090
0.13048000  343.41557615
0.13055000  340.38855213
0.13062000  337.36979011
0.13069000  334.36967324
0.13076000  331.37938263
0.13083000  328.39759102
0.13090000  325.43471340
0.13097000  322.48189632
0.13104000  319.53780400
0.13111000  316.61288291
0.13118000  313.69824521
0.13125000  310.79254659
0.13132000  307.90626466
0.13139000  305.03047739
0.13146000  302.16383190
0.13153000  299.31683662
0.13160000  296.48053552
0.13167000  293.65356721
0.13174000  290.84647048
0.13181000  288.05025562
0.13188000  285.26355271
0.13195000  282.49693053
0.13202000  279.74136595
0.13209000  276.99548053
0.13216000  274.26987268
0.13223000  271.55548611
0.13230000  268.85093394
0.13237000  266.16684373
0.13244000  263.49412642
0.13251000  260.83138670
0.13258000  258.18928086
0.13265000  255.55868740
0.13272000  252.93820267
0.13279000  250.33851122
0.13286000  247.75045950
0.13293000  245.17263558
0.13300000  242.61575181
0.13307000  240.07062302
0.13314000  237.53582904
0.13321000  235.02210957
0.13328000  232.52024820
0.13335000  230.02881667
0.13342000  227.55858151
0.13349000  225.10029554
0.13356000  222.65252249
0.13363000  220.22605522
0.13370000  217.81161628
0.13377000  215.40776145
0.13384000  213.02530944
0.13391000  210.65495301
0.13398000  208.29524014
0.13405000  205.95701484
0.13412000  203.63094061
0.13419000  201.31555773
0.13426000  199.02173500
0.13433000  196.74010717
0.13440000  194.46920700
0.13447000  192.21992748
0.13454000  189.98287523
0.13461000  187.75657558
0.13468000  185.55194519
0.13475000  183.35956310
0.13482000  181.17794737
0.13489000  179.01803777
0.13496000  176.87038636
0.13503000  174.73350407
0.13510000  172.61835321
0.13517000  170.51545948
0.13524000  168.42332686
0.13531000  166.35293960
0.13538000  164.29479767
0.13545000  162.24739827
0.13552000  160.22174699
0.13559000  158.20831874
0.13566000  156.20560410
0.13573000  154.22462941
0.13580000  152.25584518
0.13587000  150.29773555
0.13594000  148.36134700
0.13601000  146.43710633
0.13608000  144.53453073
0.13615000  142.64403637
0.13622000  140.76409797
0.13629000  138.90578878
0.13636000  137.05950250
0.13643000  135.22370791
0.13650000  133.40949670
0.13657000  131.60724078
0.13664000  129.81540321
0.13671000  128.04509345
0.13678000  126.28666240
0.13685000  124.53856756
0.13692000  122.81193556
0.13699000  121.09709696
0.13706000  119.39250397
0.13713000  117.70929972
0.13720000  116.03779521
0.13727000  114.37643750
0.13734000  112.73638562
0.13741000  111.10793172
0.13748000  109.48951798
0.13755000  107.89231865
0.13762000  106.30660781
0.13769000  104.73082293
0.13776000  103.17615285
0.13783000  101.63285434
0.13790000  100.11055997
0.13797000  98.59952025
0.13804000  97.09816619
0.13811000  95.61770408
0.13818000  94.14836847
0.13825000  92.68858624
0.13832000  91.24957648
0.13839000  89.82155851
0.13846000  88.40295533
0.13853000  87.00499815
0.13860000  85.61789188
0.13867000  84.24005579
0.13874000  82.88273261
0.13881000  81.53611357
0.13888000  80.19861446
0.13895000  78.88148885
0.13902000  77.57491508
0.13909000  76.28857727
0.13916000  75.01265046
0.13923000  73.74554608
0.13930000  72.49852889
0.13937000  71.26176237
0.13944000  70.03365506
0.13951000  68.82548075
0.13958000  67.62739216
0.13965000  66.43779510
0.13972000  65.26797180
0.13979000  64.10806492
0.13986000  62.95647781
0.13993000  61.82450047
0.14000000  60.70226626
0.14007000  59.58817626
0.14014000  58.49352761
0.14021000  57.40844513
0.14028000  56.34264690
0.14035000  55.28625736
0.14042000  54.23767518
0.14049000  53.20820262
0.14056000  52.18795689
0.14063000  51.17533493
0.14070000  50.18164442
0.14077000  49.19699601
0.14084000  48.21978516
0.14091000  47.26132431
0.14098000  46.31171831
0.14105000  45.38069644
0.14112000  44.45836495
0.14119000  43.54311814
0.14126000  42.64626972
0.14133000  41.75792143
0.14140000  40.87646654
0.14147000  40.01322188
0.14154000  39.15828530
0.14161000  38.31004928
0.14168000  37.47983313
0.14175000  36.65773154
0.14182000  35.84213633
0.14189000  35.04436874
0.14196000  34.25452094
0.14203000  33.48232758
0.14210000  32.71788439
0.14217000  31.95958343
0.14224000  31.21874264
0.14231000  30.48545637
0.14238000  29.75811655
0.14245000  29.04804141
0.14252000  28.34532461
0.14259000  27.64835804
0.14266000  26.96845974
0.14273000  26.29572325
0.14280000  25.63987901
0.14287000  24.99102565
0.14294000  24.34755640
0.14301000  23.72078249
0.14308000  23.10080358
0.14315000  22.48601328
0.14322000  21.88772110
0.14329000  21.29602826
0.14336000  20.72065697
0.14343000  20.15171461
0.14350000  19.58759677
0.14357000  19.03960380
0.14364000  18.49784569
0.14371000  17.96071883
0.14378000  17.43952040
0.14385000  16.92436352
0.14392000  16.41364555
0.14399000  15.91865997
0.14406000  15.42952361
0.14413000  14.95594382
0.14420000  14.48804491
0.14427000  14.02422705
0.14434000  13.57577148
0.14441000  13.13280715
0.14448000  12.69373548
0.14455000  12.26983273
0.14462000  11.85123295
0.14469000  11.44762801
0.14476000  11.04916032
0.14483000  10.65423469
0.14490000  10.27411304
0.14497000  9.89894376
0.14504000  9.52713322
0.14511000  9.16993709
0.14518000  8.81751019
0.14525000  8.46826057
0.14532000  8.13343722
0.14539000  7.80320182
0.14546000  7.48722206
0.14553000  7.17566910
0.14560000  6.86695500
0.14567000  6.57231177
0.14574000  6.28191822
0.14581000  5.99418834
0.14588000  5.72034632
0.14595000  5.45057899
0.14602000  5.19453229
0.14609000  4.94240327
0.14616000  4.69261032
0.14623000  4.45635887
0.14630000  4.22385471
0.14637000  3.99351841
0.14644000  3.77654650
0.14651000  3.56315386
0.14658000  3.36296232
0.14665000  3.16619760
0.14672000  2.97128504
0.14679000  2.78940076
0.14686000  2.61078025
0.14693000  2.43385120
0.14700000  2.26977985
0.14707000  2.10881175
0.14714000  1.96054241
0.14721000  1.81522880
0.14728000  1.67130367
0.14735000  1.53991135
0.14742000  1.41131948
0.14749000  1.28396332
0.14756000  1.16897641
0.14763000  1.05663732
0.14770000  0.95651323
0.14777000  0.85889462
0.14784000  0.76222210
0.14791000  0.67760591
0.14798000  0.59534799
0.14805000  0.51389162
0.14812000  0.44433541
0.14819000  0.37699302
0.14826000  0.32140148
0.14833000  0.26788682
0.14840000  0.21489783
0.14847000  0.17350859
0.14854000  0.13405731
0.14861000  0.09499555
0.14868000  0.06738503
0.14875000  0.04157635
0.14882000  0.02707470
0.14889000  0.01424346
