0.00000000  0.00000000  0.00000003
0.00000000  0.00840000  0.00000003
0.00000000  0.01680000  0.00000004
0.00000000  0.02520000  0.00000004
0.00000000  0.03360000  0.00000004
0.00000000  0.04200000  0.00000004
0.00000000  0.05040000  0.00000004
0.00000000  0.05880000  0.00000005
0.00000000  0.06720000  0.00000005
0.00000000  0.07560000  0.00000005
0.00000000  0.08400000  0.00000005
0.00000000  0.09240000  0.00000005
0.00000000  0.10080000  0.00000005
0.00000000  0.10920000  0.00000005
0.00000000  0.11760000  0.00000005
0.00000000  0.12600000  0.00000005
0.00000000  0.13440000  0.00000005
0.00000000  0.14280000  0.00000005
0.00000000  0.15120000  0.00000005
0.00000000  0.15960000  0.00000005
0.00000000  0.16800000  0.00000005
0.00000000  0.17640000  0.00000005
0.00000000  0.18480000  0.00000005
0.00000000  0.19320000  0.00000005
0.00000000  0.20160000  0.00000004
0.00000000  0.21000000  0.00000004
0.00000000  0.21840000  0.00000004
0.00000000  0.22680000  0.00000004
0.00000000  0.23520000  0.00000003
0.00000000  0.24360000  0.00000003
0.00000000  0.25200000  0.00000003
0.00000000  0.26040000  0.00000003
0.00000000  0.26880000  0.00000002
0.00000000  0.27720000  0.00000002
0.00000000  0.28560000  0.00000002
0.00000000  0.29400000  0.00000002
0.27333333  0.00000000  16.08636093
0.27333333  0.00840000  17.08265346
0.27333333  0.01680000  18.09039460
0.27333333  0.02520000  19.10062865
0.27333333  0.03360000  20.10309392
0.27333333  0.04200000  21.08628186
0.27333333  0.05040000  22.03755634
0.27333333  0.05880000  22.94333997
0.27333333  0.06720000  23.78937155
0.27333333  0.07560000  24.56103435
0.27333333  0.08400000  25.24375004
0.27333333  0.09240000  25.82342690
0.27333333  0.10080000  26.28694512
0.27333333  0.10920000  26.62265583
0.27333333  0.11760000  26.82086647
0.27333333  0.12600000  26.87428191
0.27333333  0.13440000  26.77837099
0.27333333  0.14280000  26.53163080
0.27333333  0.15120000  26.13572673
0.27333333  0.15960000  25.59549478
0.27333333  0.16800000  24.91880238
0.27333333  0.17640000  24.11627501
0.27333333  0.18480000  23.20090577
0.27333333  0.19320000  22.18757364
0.27333333  0.20160000  21.09250193
0.27333333  0.21000000  19.93269100
0.27333333  0.21840000  18.72535879
0.27333333  0.22680000  17.48741910
0.27333333  0.23520000  16.23502187
0.27333333  0.24360000  14.98317261
0.27333333  0.25200000  13.74544057
0.27333333  0.26040000  12.53375812
0.27333333  0.26880000  11.35830765
0.27333333  0.27720000  10.22748747
0.27333333  0.28560000  9.14794517
0.27333333  0.29400000  8.12466497
0.54666667  0.00000000  100.90406678
0.54666667  0.00840000  106.97777708
0.54666667  0.01680000  113.10189074
0.54666667  0.02520000  119.22180317
0.54666667  0.03360000  125.27571866
0.54666667  0.04200000  131.19510208
0.54666667  0.05040000  136.90545738
0.54666667  0.05880000  142.32746107
0.54666667  0.06720000  147.37846282
0.54666667  0.07560000  151.97434412
0.54666667  0.08400000  156.03170013
0.54666667  0.09240000  159.47028206
0.54666667  0.10080000  162.21560871
0.54666667  0.10920000  164.20162986
0.54666667  0.11760000  165.37330383
0.54666667  0.12600000  165.68894029
0.54666667  0.13440000  165.12215922
0.54666667  0.14280000  163.66333021
0.54666667  0.15120000  161.32038243
0.54666667  0.15960000  158.11891331
0.54666667  0.16800000  154.10157023
0.54666667  0.17640000  149.32672936
0.54666667  0.18480000  143.86654481
0.54666667  0.19320000  137.80448363
0.54666667  0.20160000  131.23249396
0.54666667  0.21000000  124.24797210
0.54666667  0.21840000  116.95069786
0.54666667  0.22680000  109.43989719
0.54666667  0.23520000  101.81156881
0.54666667  0.24360000  94.15618134
0.54666667  0.25200000  86.55681174
0.54666667  0.26040000  79.08776051
0.54666667  0.26880000  71.81364538
0.54666667  0.27720000  64.78894740
0.54666667  0.28560000  58.05796148
0.54666667  0.29400000  51.65508921
0.82000000  0.00000000  255.48051247
0.82000000  0.00840000  270.16492859
0.82000000  0.01680000  284.90402153
0.82000000  0.02520000  299.56727526
0.82000000  0.03360000  314.00932875
0.82000000  0.04200000  328.07123454
0.82000000  0.05040000  341.58237289
0.82000000  0.05880000  354.36306102
0.82000000  0.06720000  366.22786509
0.82000000  0.07560000  376.98958310
0.82000000  0.08400000  386.46382086
0.82000000  0.09240000  394.47403315
0.82000000  0.10080000  400.85685268
0.82000000  0.10920000  405.46748452
0.82000000  0.11760000  408.18490905
0.82000000  0.12600000  408.91661737
0.82000000  0.13440000  407.60260369
0.82000000  0.14280000  404.21836192
0.82000000  0.15120000  398.77667919
0.82000000  0.15960000  391.32808420
0.82000000  0.16800000  381.95988876
0.82000000  0.17640000  370.79384872
0.82000000  0.18480000  357.98255782
0.82000000  0.19320000  343.70476641
0.82000000  0.20160000  328.15987839
0.82000000  0.21000000  311.56192026
0.82000000  0.21840000  294.13329218
0.82000000  0.22680000  276.09860311
0.82000000  0.23520000  257.67886358
0.82000000  0.24360000  239.08626451
0.82000000  0.25200000  220.51971472
0.82000000  0.26040000  202.16124946
0.82000000  0.26880000  184.17336227
0.82000000  0.27720000  166.69725813
0.82000000  0.28560000  149.85197890
0.82000000  0.29400000  133.73431659
1.09333333  0.00000000  434.95254454
1.09333333  0.00840000  458.82981637
1.09333333  0.01680000  482.70274023
1.09333333  0.02520000  506.36344191
1.09333333  0.03360000  529.58312470
1.09333333  0.04200000  552.11415879
1.09333333  0.05040000  573.69307524
1.09333333  0.05880000  594.04450932
1.09333333  0.06720000  612.88609554
1.09333333  0.07560000  629.93426442
1.09333333  0.08400000  644.91083020
1.09333333  0.09240000  657.55019273
1.09333333  0.10080000  667.60691125
1.09333333  0.10920000  674.86334846
1.09333333  0.11760000  679.13703773
1.09333333  0.12600000  680.28740040
1.09333333  0.13440000  678.22144122
1.09333333  0.14280000  672.89807945
1.09333333  0.15120000  664.33083291
1.09333333  0.15960000  652.58865856
1.09333333  0.16800000  637.79485886
1.09333333  0.17640000  620.12407935
1.09333333  0.18480000  599.79753844
1.09333333  0.19320000  577.07673396
1.09333333  0.20160000  552.25595363
1.09333333  0.21000000  525.65397122
1.09333333  0.21840000  497.60533364
1.09333333  0.22680000  468.45163788
1.09333333  0.23520000  438.53316295
1.09333333  0.24360000  408.18116827
1.09333333  0.25200000  377.71110259
1.09333333  0.26040000  347.41689451
1.09333333  0.26880000  317.56642261
1.09333333  0.27720000  288.39819636
1.09333333  0.28560000  260.11922100
1.09333333  0.29400000  232.90397239
1.36666667  0.00000000  601.77504948
1.36666667  0.00840000  633.61444989
1.36666667  0.01680000  665.36147564
1.36666667  0.02520000  696.74457887
1.36666667  0.03360000  727.46699785
1.36666667  0.04200000  757.20947896
1.36666667  0.05040000  785.63408032
1.36666667  0.05880000  812.38910861
1.36666667  0.06720000  837.11519013
1.36666667  0.07560000  859.45241588
1.36666667  0.08400000  879.04842729
1.36666667  0.09240000  895.56723136
1.36666667  0.10080000  908.69845528
1.36666667  0.10920000  918.16667983
1.36666667  0.11760000  923.74043607
1.36666667  0.12600000  925.24041895
1.36666667  0.13440000  922.54647216
1.36666667  0.14280000  915.60293382
1.36666667  0.15120000  904.42200381
1.36666667  0.15960000  889.08489614
1.36666667  0.16800000  869.74066605
1.36666667  0.17640000  846.60273986
1.36666667  0.18480000  819.94331283
1.36666667  0.19320000  790.08590333
1.36666667  0.20160000  757.39644900
1.36666667  0.21000000  722.27339457
1.36666667  0.21840000  685.13724791
1.36666667  0.22680000  646.42007168
1.36666667  0.23520000  606.55533769
1.36666667  0.24360000  565.96850665
1.36666667  0.25200000  525.06861728
1.36666667  0.26040000  484.24108377
1.36666667  0.26880000  443.84181797
1.36666667  0.27720000  404.19271772
1.36666667  0.28560000  365.57849991
1.36666667  0.29400000  328.24480712
1.64000000  0.00000000  740.36027795
1.64000000  0.00840000  778.48290632
1.64000000  0.01680000  816.42671529
1.64000000  0.02520000  853.87186451
1.64000000  0.03360000  890.47025133
1.64000000  0.04200000  925.84867779
1.64000000  0.05040000  959.61322949
1.64000000  0.05880000  991.35492435
1.64000000  0.06720000  1020.65663342
1.64000000  0.07560000  1047.10120662
1.64000000  0.08400000  1070.28065441
1.64000000  0.09240000  1089.80614863
1.64000000  0.10080000  1105.31851692
1.64000000  0.10920000  1116.49882543
1.64000000  0.11760000  1123.07858239
1.64000000  0.12600000  1124.84906062
1.64000000  0.13440000  1121.66923718
1.64000000  0.14280000  1113.47188825
1.64000000  0.15120000  1100.26745762
1.64000000  0.15960000  1082.14543258
1.64000000  0.16800000  1059.27310305
1.64000000  0.17640000  1031.89173588
1.64000000  0.18480000  1000.31035006
1.64000000  0.19320000  964.89741695
1.64000000  0.20160000  926.07091828
1.64000000  0.21000000  884.28726581
1.64000000  0.21840000  840.02961518
1.64000000  0.22680000  793.79609475
1.64000000  0.23520000  746.08842315
1.64000000  0.24360000  697.40131524
1.64000000  0.25200000  648.21298639
1.64000000  0.26040000  598.97696904
1.64000000  0.26880000  550.11536290
1.64000000  0.27720000  502.01355737
1.64000000  0.28560000  455.01639704
1.64000000  0.29400000  409.42570937
1.91333333  0.00000000  847.43454045
1.91333333  0.00840000  890.24326853
1.91333333  0.01680000  932.80149227
1.91333333  0.02520000  974.75431420
1.91333333  0.03360000  1015.71640641
1.91333333  0.04200000  1055.27548480
1.91333333  0.05040000  1092.99709034
1.91333333  0.05880000  1128.43074107
1.91333333  0.06720000  1161.11745811
1.91333333  0.07560000  1190.59859391
1.91333333  0.08400000  1216.42580260
1.91333333  0.09240000  1238.17189673
1.91333333  0.10080000  1255.44223877
1.91333333  0.10920000  1267.88622900
1.91333333  0.11760000  1275.20838428
1.91333333  0.12600000  1277.17846422
1.91333333  0.13440000  1273.64010193
1.91333333  0.14280000  1264.51743936
1.91333333  0.15120000  1249.81935427
1.91333333  0.15960000  1229.64099112
1.91333333  0.16800000  1204.16246206
1.91333333  0.17640000  1173.64475311
1.91333333  0.18480000  1138.42303750
1.91333333  0.19320000  1098.89774762
1.91333333  0.20160000  1055.52387424
1.91333333  0.21000000  1008.79903825
1.91333333  0.21840000  959.25091026
1.91333333  0.22680000  907.42453971
1.91333333  0.23520000  853.87010257
1.91333333  0.24360000  799.13149545
1.91333333  0.25200000  743.73610540
1.91333333  0.26040000  688.18597919
1.91333333  0.26880000  632.95051507
1.91333333  0.27720000  578.46071021
1.91333333  0.28560000  525.10492392
1.91333333  0.29400000  473.22606266
2.18666667  0.00000000  924.09625317
2.18666667  0.00840000  970.18221911
2.18666667  0.01680000  1015.96465640
2.18666667  0.02520000  1061.06457170
2.18666667  0.03360000  1105.07105566
2.18666667  0.04200000  1147.54496196
2.18666667  0.05040000  1188.02396006
2.18666667  0.05880000  1226.02902899
2.18666667  0.06720000  1261.07239674
2.18666667  0.07560000  1292.66685024
2.18666667  0.08400000  1300.00000000
2.18666667  0.09240000  1300.00000000
2.18666667  0.10080000  1300.00000000
2.18666667  0.10920000  1300.00000000
2.18666667  0.11760000  1300.00000000
2.18666667  0.12600000  1300.00000000
2.18666667  0.13440000  1300.00000000
2.18666667  0.14280000  1300.00000000
2.18666667  0.15120000  1300.00000000
2.18666667  0.15960000  1300.00000000
2.18666667  0.16800000  1300.00000000
2.18666667  0.17640000  1274.49908577
2.18666667  0.18480000  1236.74329377
2.18666667  0.19320000  1194.35406482
2.18666667  0.20160000  1147.81157755
2.18666667  0.21000000  1097.64147943
2.18666667  0.21840000  1044.40168784
2.18666667  0.22680000  988.66910047
2.18666667  0.23520000  931.02674952
2.18666667  0.24360000  872.05184801
2.18666667  0.25200000  812.30507103
2.18666667  0.26040000  752.32130357
2.18666667  0.26880000  692.60197836
2.18666667  0.27720000  633.60903288
2.18666667  0.28560000  575.76043656
2.18666667  0.29400000  519.42718299
2.46000000  0.00000000  972.57190033
2.46000000  0.00840000  1020.69987674
2.46000000  0.01680000  1068.49027170
2.46000000  0.02520000  1115.54923470
2.46000000  0.03360000  1161.45008135
2.46000000  0.04200000  1205.73709673
2.46000000  0.05040000  1247.93075382
2.46000000  0.05880000  1287.53441715
2.46000000  0.06720000  1300.00000000
2.46000000  0.07560000  1300.00000000
2.46000000  0.08400000  1300.00000000
2.46000000  0.09240000  1300.00000000
2.46000000  0.10080000  1300.00000000
2.46000000  0.10920000  1300.00000000
2.46000000  0.11760000  1300.00000000
2.46000000  0.12600000  1300.00000000
2.46000000  0.13440000  1300.00000000
2.46000000  0.14280000  1300.00000000
2.46000000  0.15120000  1300.00000000
2.46000000  0.15960000  1300.00000000
2.46000000  0.16800000  1300.00000000
2.46000000  0.17640000  1300.00000000
2.46000000  0.18480000  1300.00000000
2.46000000  0.19320000  1254.52786378
2.46000000  0.20160000  1206.01504768
2.46000000  0.21000000  1153.70183428
2.46000000  0.21840000  1098.16467732
2.46000000  0.22680000  1039.99997445
2.46000000  0.23520000  979.81085532
2.46000000  0.24360000  918.19489167
2.46000000  0.25200000  855.73308185
2.46000000  0.26040000  792.98034552
2.46000000  0.26880000  730.45765346
2.46000000  0.27720000  668.64581815
2.46000000  0.28560000  607.98089099
2.46000000  0.29400000  548.85105298
2.73333333  0.00000000  995.24898010
2.73333333  0.00840000  1044.32464945
2.73333333  0.01680000  1093.04669650
2.73333333  0.02520000  1141.01441347
2.73333333  0.03360000  1187.79383414
2.73333333  0.04200000  1232.92159404
2.73333333  0.05040000  1275.91022510
2.73333333  0.05880000  1300.00000000
2.73333333  0.06720000  1300.00000000
2.73333333  0.07560000  1300.00000000
2.73333333  0.08400000  1300.00000000
2.73333333  0.09240000  1300.00000000
2.73333333  0.10080000  1300.00000000
2.73333333  0.10920000  1300.00000000
2.73333333  0.11760000  1300.00000000
2.73333333  0.12600000  1300.00000000
2.73333333  0.13440000  1300.00000000
2.73333333  0.14280000  1300.00000000
2.73333333  0.15120000  1300.00000000
2.73333333  0.15960000  1300.00000000
2.73333333  0.16800000  1300.00000000
2.73333333  0.17640000  1300.00000000
2.73333333  0.18480000  1300.00000000
2.73333333  0.19320000  1282.63111801
2.73333333  0.20160000  1233.20480082
2.73333333  0.21000000  1179.89780408
2.73333333  0.21840000  1123.29511178
2.73333333  0.22680000  1064.00209023
2.73333333  0.23520000  1002.63110668
2.73333333  0.24360000  939.78908457
2.73333333  0.25200000  876.06635160
2.73333333  0.26040000  812.02701920
2.73333333  0.26880000  748.20101840
2.73333333  0.27720000  685.07781659
2.73333333  0.28560000  623.10175849
2.73333333  0.29400000  562.66891422
3.00666667  0.00000000  994.50798781
3.00666667  0.00840000  1043.55276452
3.00666667  0.01680000  1092.24444408
3.00666667  0.02520000  1140.18254188
3.00666667  0.03360000  1186.93332867
3.00666667  0.04200000  1232.03368897
3.00666667  0.05040000  1274.99641320
3.00666667  0.05880000  1300.00000000
3.00666667  0.06720000  1300.00000000
3.00666667  0.07560000  1300.00000000
3.00666667  0.08400000  1300.00000000
3.00666667  0.09240000  1300.00000000
3.00666667  0.10080000  1300.00000000
3.00666667  0.10920000  1300.00000000
3.00666667  0.11760000  1300.00000000
3.00666667  0.12600000  1300.00000000
3.00666667  0.13440000  1300.00000000
3.00666667  0.14280000  1300.00000000
3.00666667  0.15120000  1300.00000000
3.00666667  0.15960000  1300.00000000
3.00666667  0.16800000  1300.00000000
3.00666667  0.17640000  1300.00000000
3.00666667  0.18480000  1300.00000000
3.00666667  0.19320000  1281.71327233
3.00666667  0.20160000  1232.31672447
3.00666667  0.21000000  1179.04211495
3.00666667  0.21840000  1122.47415036
3.00666667  0.22680000  1063.21790543
3.00666667  0.23520000  1001.88544716
3.00666667  0.24360000  939.08339507
3.00666667  0.25200000  875.40177373
3.00666667  0.26040000  811.40439599
3.00666667  0.26880000  747.62090184
3.00666667  0.27720000  684.54047761
3.00666667  0.28560000  622.60719863
3.00666667  0.29400000  562.21687879
3.28000000  0.00000000  972.78089567
3.28000000  0.00840000  1020.91762773
3.28000000  0.01680000  1068.71663081
3.28000000  0.02520000  1115.78399093
3.28000000  0.03360000  1161.69295631
3.28000000  0.04200000  1205.98774125
3.28000000  0.05040000  1248.18874526
3.28000000  0.05880000  1287.79925758
3.28000000  0.06720000  1300.00000000
3.28000000  0.07560000  1300.00000000
3.28000000  0.08400000  1300.00000000
3.28000000  0.09240000  1300.00000000
3.28000000  0.10080000  1300.00000000
3.28000000  0.10920000  1300.00000000
3.28000000  0.11760000  1300.00000000
3.28000000  0.12600000  1300.00000000
3.28000000  0.13440000  1300.00000000
3.28000000  0.14280000  1300.00000000
3.28000000  0.15120000  1300.00000000
3.28000000  0.15960000  1300.00000000
3.28000000  0.16800000  1300.00000000
3.28000000  0.17640000  1300.00000000
3.28000000  0.18480000  1300.00000000
3.28000000  0.19320000  1254.78699921
3.28000000  0.20160000  1206.26574078
3.28000000  0.21000000  1153.94334358
3.28000000  0.21840000  1098.39634036
3.28000000  0.22680000  1040.22121188
3.28000000  0.23520000  980.02117336
3.28000000  0.24360000  918.39388323
3.28000000  0.25200000  855.92042632
3.28000000  0.26040000  793.15580753
3.28000000  0.26880000  730.62108071
3.28000000  0.27720000  668.79713861
3.28000000  0.28560000  608.12010955
3.28000000  0.29400000  548.97824767
3.55333333  0.00000000  932.64294401
3.55333333  0.00840000  979.09057741
3.55333333  0.01680000  1025.22870415
3.55333333  0.02520000  1070.67569111
3.55333333  0.03360000  1115.01782622
3.55333333  0.04200000  1157.81301971
3.55333333  0.05040000  1198.59588638
3.55333333  0.05880000  1236.88427672
3.55333333  0.06720000  1272.18726156
3.55333333  0.07560000  1300.00000000
3.55333333  0.08400000  1300.00000000
3.55333333  0.09240000  1300.00000000
3.55333333  0.10080000  1300.00000000
3.55333333  0.10920000  1300.00000000
3.55333333  0.11760000  1300.00000000
3.55333333  0.12600000  1300.00000000
3.55333333  0.13440000  1300.00000000
3.55333333  0.14280000  1300.00000000
3.55333333  0.15120000  1300.00000000
3.55333333  0.15960000  1300.00000000
3.55333333  0.16800000  1300.00000000
3.55333333  0.17640000  1285.71302134
3.55333333  0.18480000  1247.67808016
3.55333333  0.19320000  1204.97331149
3.55333333  0.20160000  1158.08164404
3.55333333  0.21000000  1107.53178400
3.55333333  0.21840000  1053.88494806
3.55333333  0.22680000  997.72150577
3.55333333  0.23520000  939.62806881
3.55333333  0.24360000  880.18547742
3.55333333  0.25200000  819.95802881
3.55333333  0.26040000  759.48417962
3.55333333  0.26880000  699.26884635
3.55333333  0.27720000  639.77733204
3.55333333  0.28560000  581.43082963
3.55333333  0.29400000  524.60339515
3.82666667  0.00000000  876.87753872
3.82666667  0.00840000  920.95216573
3.82666667  0.01680000  964.75606122
3.82666667  0.02520000  1007.92498172
3.82666667  0.03360000  1050.06367727
3.82666667  0.04200000  1090.74944558
3.82666667  0.05040000  1129.53701907
3.82666667  0.05880000  1165.96484968
3.82666667  0.06720000  1199.56279542
3.82666667  0.07560000  1229.86113543
3.82666667  0.08400000  1256.40075052
3.82666667  0.09240000  1278.74420833
3.82666667  0.10080000  1296.48739450
3.82666667  0.10920000  1300.00000000
3.82666667  0.11760000  1300.00000000
3.82666667  0.12600000  1300.00000000
3.82666667  0.13440000  1300.00000000
3.82666667  0.14280000  1300.00000000
3.82666667  0.15120000  1290.71071204
3.82666667  0.15960000  1269.97922471
3.82666667  0.16800000  1243.79954577
3.82666667  0.17640000  1212.43787232
3.82666667  0.18480000  1176.23629606
3.82666667  0.19320000  1135.60370542
3.82666667  0.20160000  1091.00488058
3.82666667  0.21000000  1042.94833738
3.82666667  0.21840000  991.97350773
3.82666667  0.22680000  938.63782901
3.82666667  0.23520000  883.50426144
3.82666667  0.24360000  827.12966914
3.82666667  0.25200000  770.05439915
3.82666667  0.26040000  712.79328539
3.82666667  0.26880000  655.82820051
3.82666667  0.27720000  599.60218746
3.82666667  0.28560000  544.51512739
3.82666667  0.29400000  490.92084563
4.10000000  0.00000000  808.49783150
4.10000000  0.00840000  849.61791848
4.10000000  0.01680000  890.51394079
4.10000000  0.02520000  930.84354764
4.10000000  0.03360000  970.23473189
4.10000000  0.04200000  1008.28919562
4.10000000  0.05040000  1044.58698860
4.10000000  0.05880000  1078.69248107
4.10000000  0.06720000  1110.16167395
4.10000000  0.07560000  1138.55077599
4.10000000  0.08400000  1163.42589212
4.10000000  0.09240000  1184.37357375
4.10000000  0.10080000  1201.01188901
4.10000000  0.10920000  1213.00158635
4.10000000  0.11760000  1220.05685972
4.10000000  0.12600000  1221.95518685
4.10000000  0.13440000  1218.54571247
4.10000000  0.14280000  1209.75569038
4.10000000  0.15120000  1195.59458245
4.10000000  0.15960000  1176.15553471
4.10000000  0.16800000  1151.61410013
4.10000000  0.17640000  1122.22424193
4.10000000  0.18480000  1088.31181363
4.10000000  0.19320000  1050.26585723
4.10000000  0.20160000  1008.52817522
4.10000000  0.21000000  963.58170671
4.10000000  0.21840000  915.93826741
4.10000000  0.22680000  866.12620030
4.10000000  0.23520000  814.67843321
4.10000000  0.24360000  762.12136091
4.10000000  0.25200000  708.96487388
4.10000000  0.26040000  655.69375404
4.10000000  0.26880000  602.76055992
4.10000000  0.27720000  550.58003659
4.10000000  0.28560000  499.52501471
4.10000000  0.29400000  449.92370981
4.37333333  0.00000000  730.72245889
4.37333333  0.00840000  768.41651446
4.37333333  0.01680000  805.93802802
4.37333333  0.02520000  842.97040408
4.37333333  0.03360000  879.16898670
4.37333333  0.04200000  914.16419743
4.37333333  0.05040000  947.56587643
4.37333333  0.05880000  978.96888410
4.37333333  0.06720000  1007.95996556
4.37333333  0.07560000  1034.12581101
4.37333333  0.08400000  1057.06216442
4.37333333  0.09240000  1076.38374493
4.37333333  0.10080000  1091.73465840
4.37333333  0.10920000  1102.79889630
4.37333333  0.11760000  1109.31045845
4.37333333  0.12600000  1111.06260121
4.37333333  0.13440000  1107.91571309
4.37333333  0.14280000  1099.80335965
4.37333333  0.15120000  1086.73611855
4.37333333  0.15960000  1068.80294080
4.37333333  0.16800000  1046.16991490
4.37333333  0.17640000  1019.07646542
4.37333333  0.18480000  987.82917040
4.37333333  0.19320000  952.79351923
4.37333333  0.20160000  914.38404046
4.37333333  0.21000000  873.05329962
4.37333333  0.21840000  829.28029585
4.37333333  0.22680000  783.55877443
4.37333333  0.23520000  736.38592563
4.37333333  0.24360000  688.25186714
4.37333333  0.25200000  639.63021828
4.37333333  0.26040000  590.96997894
4.37333333  0.26880000  542.68883439
4.37333333  0.27720000  495.16792510
4.37333333  0.28560000  448.74805305
4.37333333  0.29400000  403.72724471
4.64666667  0.00000000  646.90735489
4.64666667  0.00840000  680.82260619
4.64666667  0.01680000  714.61833116
4.64666667  0.02520000  748.00685030
4.64666667  0.03360000  780.67423926
4.64666667  0.04200000  812.28320259
4.64666667  0.05040000  842.47707280
4.64666667  0.05880000  870.88498799
4.64666667  0.06720000  897.12824968
4.64666667  0.07560000  920.82779806
4.64666667  0.08400000  941.61266603
4.64666667  0.09240000  959.12919231
4.64666667  0.10080000  973.05069176
4.64666667  0.10920000  983.08720741
4.64666667  0.11760000  988.99491140
4.64666667  0.12600000  990.58469008
4.64666667  0.13440000  987.72944879
4.64666667  0.14280000  980.36970897
4.64666667  0.15120000  968.51714406
4.64666667  0.15960000  952.25580791
4.64666667  0.16800000  931.74094045
4.64666667  0.17640000  907.19538002
4.64666667  0.18480000  878.90375409
4.64666667  0.19320000  847.20474848
4.64666667  0.20160000  812.48185614
4.64666667  0.21000000  775.15307288
4.64666667  0.21840000  735.66003500
4.64666667  0.22680000  694.45708387
4.64666667  0.23520000  652.00069971
4.64666667  0.24360000  608.73967974
4.64666667  0.25200000  565.10635340
4.64666667  0.26040000  521.50903890
4.64666667  0.26880000  478.32585983
4.64666667  0.27720000  435.89996306
4.64666667  0.28560000  394.53611508
4.64666667  0.29400000  354.49860348
4.92000000  0.00000000  560.43759110
4.92000000  0.00840000  590.34830165
4.92000000  0.01680000  620.19045005
4.92000000  0.02520000  649.70764351
4.92000000  0.03360000  678.61926032
4.92000000  0.04200000  706.62302609
4.92000000  0.05040000  733.39863065
4.92000000  0.05880000  758.61243494
4.92000000  0.06720000  781.92326942
4.92000000  0.07560000  802.98926555
4.92000000  0.08400000  821.47559240
4.92000000  0.09240000  837.06289510
4.92000000  0.10080000  849.45615630
4.92000000  0.10920000  858.39363404
4.92000000  0.11760000  863.65547649
4.92000000  0.12600000  865.07158478
4.92000000  0.13440000  862.52829552
4.92000000  0.14280000  855.97348881
4.92000000  0.15120000  845.41979569
4.92000000  0.15960000  830.94567804
4.92000000  0.16800000  812.69427482
4.92000000  0.17640000  790.87004199
4.92000000  0.18480000  765.73334510
4.92000000  0.19320000  737.59328238
4.92000000  0.20160000  706.79910948
4.92000000  0.21000000  673.73069941
4.92000000  0.21840000  638.78849693
4.92000000  0.22680000  602.38341873
4.92000000  0.23520000  564.92711190
4.92000000  0.24360000  526.82292180
4.92000000  0.25200000  488.45784472
4.92000000  0.26040000  450.19565891
4.92000000  0.26880000  412.37134730
4.92000000  0.27720000  375.28685272
4.92000000  0.28560000  339.20814433
4.92000000  0.29400000  304.36352516
5.19333333  0.00000000  474.58558760
5.19333333  0.00840000  500.39944034
5.19333333  0.01680000  526.19018990
5.19333333  0.02520000  551.73419947
5.19333333  0.03360000  576.78580485
5.19333333  0.04200000  601.07956538
5.19333333  0.05040000  624.33346472
5.19333333  0.05880000  646.25310746
5.19333333  0.06720000  666.53691344
5.19333333  0.07560000  684.88225695
5.19333333  0.08400000  700.99243409
5.19333333  0.09240000  714.58427286
5.19333333  0.10080000  725.39613159
5.19333333  0.10920000  733.19596936
5.19333333  0.11760000  737.78912391
5.19333333  0.12600000  739.02540619
5.19333333  0.13440000  736.80512053
5.19333333  0.14280000  731.08365148
5.19333333  0.15120000  721.87432022
5.19333333  0.15960000  709.24930390
5.19333333  0.16800000  693.33852216
5.19333333  0.17640000  674.32651660
5.19333333  0.18480000  652.44746990
5.19333333  0.19320000  627.97861965
5.19333333  0.20160000  601.23240835
5.19333333  0.21000000  572.54776802
5.19333333  0.21840000  542.28096228
5.19333333  0.22680000  510.79640210
5.19333333  0.23520000  478.45781601
5.19333333  0.24360000  445.62009990
5.19333333  0.25200000  412.62210135
5.19333333  0.26040000  379.78051786
5.19333333  0.26880000  347.38501319
5.19333333  0.27720000  315.69458725
5.19333333  0.28560000  284.93517556
5.19333333  0.29400000  255.29840649
5.46666667  0.00000000  392.34611145
5.46666667  0.00840000  414.10664441
5.46666667  0.01680000  435.88106754
5.46666667  0.02520000  457.47894696
5.46666667  0.03360000  478.69019216
5.46666667  0.04200000  499.28696286
5.46666667  0.05040000  519.02642909
5.46666667  0.05880000  537.65442754
5.46666667  0.06720000  554.91001759
5.46666667  0.07560000  570.53089047
5.46666667  0.08400000  584.25952738
5.46666667  0.09240000  595.84994004
5.46666667  0.10080000  605.07476491
5.46666667  0.10920000  611.73242619
5.46666667  0.11760000  615.65403971
5.46666667  0.12600000  616.70970533
5.46666667  0.13440000  614.81383636
5.46666667  0.14280000  609.92920283
5.46666667  0.15120000  602.06942186
5.46666667  0.15960000  591.29971010
5.46666667  0.16800000  577.73581355
5.46666667  0.17640000  561.54113990
5.46666667  0.18480000  542.92222837
5.46666667  0.19320000  522.12278995
5.46666667  0.20160000  499.41662938
5.46666667  0.21000000  475.09981210
5.46666667  0.21840000  449.48246157
5.46666667  0.22680000  422.88056618
5.46666667  0.23520000  395.60814271
5.46666667  0.24360000  367.97005186
5.46666667  0.25200000  340.25569659
5.46666667  0.26040000  312.73376370
5.46666667  0.26880000  285.64809864
5.46666667  0.27720000  259.21473872
5.46666667  0.28560000  233.62007351
5.46666667  0.29400000  209.02005582
5.74000000  0.00000000  316.26465977
5.74000000  0.00840000  334.14730720
5.74000000  0.01680000  352.07037884
5.74000000  0.02520000  369.87597165
5.74000000  0.03360000  387.38903632
5.74000000  0.04200000  404.41893534
5.74000000  0.05040000  420.76175153
5.74000000  0.05880000  436.20338849
5.74000000  0.06720000  450.52346811
5.74000000  0.07560000  463.49998626
5.74000000  0.08400000  474.91463591
5.74000000  0.09240000  484.55865132
5.74000000  0.10080000  492.23897120
5.74000000  0.10920000  497.78446872
5.74000000  0.11760000  501.05195758
5.74000000  0.12600000  501.93166203
5.74000000  0.13440000  500.35183903
5.74000000  0.14280000  496.28226658
5.74000000  0.15120000  489.73636249
5.74000000  0.15960000  480.77177125
5.74000000  0.16800000  469.48934595
5.74000000  0.17640000  456.03055107
5.74000000  0.18480000  440.57340943
5.74000000  0.19320000  423.32720476
5.74000000  0.20160000  404.52622076
5.74000000  0.21000000  384.42284389
5.74000000  0.21840000  363.28037631
5.74000000  0.22680000  341.36589871
5.74000000  0.23520000  318.94349280
5.74000000  0.24360000  296.26808522
5.74000000  0.25200000  273.58011480
5.74000000  0.26040000  251.10115951
5.74000000  0.26880000  229.03059459
5.74000000  0.27720000  207.54329263
5.74000000  0.28560000  186.78832515
5.74000000  0.29400000  166.88858326
6.01333333  0.00000000  248.28303786
6.01333333  0.00840000  262.58235556
6.01333333  0.01680000  276.93755072
6.01333333  0.02520000  291.22143779
6.01333333  0.03360000  305.29227992
6.01333333  0.04200000  318.99501090
6.01333333  0.05040000  332.16310056
6.01333333  0.05880000  344.62110276
6.01333333  0.06720000  356.18789397
6.01333333  0.07560000  366.68057154
6.01333333  0.08400000  375.91893542
6.01333333  0.09240000  383.73042797
6.01333333  0.10080000  389.95535748
6.01333333  0.10920000  394.45218700
6.01333333  0.11760000  397.10263583
6.01333333  0.12600000  397.81632220
6.01333333  0.13440000  396.53467635
6.01333333  0.14280000  393.23387541
6.01333333  0.15120000  387.92659643
6.01333333  0.15960000  380.66244818
6.01333333  0.16800000  371.52702130
6.01333333  0.17640000  360.63958329
6.01333333  0.18480000  348.14953056
6.01333333  0.19320000  334.23178677
6.01333333  0.20160000  319.08139755
6.01333333  0.21000000  302.90761099
6.01333333  0.21840000  285.92774895
6.01333333  0.22680000  268.36116647
6.01333333  0.23520000  250.42356798
6.01333333  0.24360000  232.32190415
6.01333333  0.25200000  214.25001849
6.01333333  0.26040000  196.38515245
6.01333333  0.26880000  178.88535935
6.01333333  0.27720000  161.88782301
6.01333333  0.28560000  145.50803174
6.01333333  0.29400000  129.83972273
6.28666667  0.00000000  189.63093939
6.28666667  0.00840000  200.73763018
6.28666667  0.01680000  211.90547161
6.28666667  0.02520000  223.03514423
6.28666667  0.03360000  234.01536969
6.28666667  0.04200000  244.72382820
6.28666667  0.05040000  255.02861026
6.28666667  0.05880000  264.79023921
6.28666667  0.06720000  273.86427512
6.28666667  0.07560000  282.10447719
6.28666667  0.08400000  289.36646325
6.28666667  0.09240000  295.51176247
6.28666667  0.10080000  300.41211520
6.28666667  0.10920000  303.95383573
6.28666667  0.11760000  306.04202415
6.28666667  0.12600000  306.60439713
6.28666667  0.13440000  305.59450774
6.28666667  0.14280000  302.99414416
6.28666667  0.15120000  298.81473541
6.28666667  0.15960000  293.09764800
6.28666667  0.16800000  285.91332584
6.28666667  0.17640000  277.35930012
6.28666667  0.18480000  267.55716970
6.28666667  0.19320000  256.64871831
6.28666667  0.20160000  244.79138582
6.28666667  0.21000000  232.15334334
6.28666667  0.21840000  218.90843306
6.28666667  0.22680000  205.23122483
6.28666667  0.23520000  191.29241381
6.28666667  0.24360000  177.25474315
6.28666667  0.25200000  163.26958540
6.28666667  0.26040000  149.47426386
6.28666667  0.26880000  135.99014350
6.28666667  0.27720000  122.92147498
6.28666667  0.28560000  110.35493758
6.28666667  0.29400000  98.35979858
6.56000000  0.00000000  140.79031350
6.56000000  0.00840000  149.15893423
6.56000000  0.01680000  157.58598221
6.56000000  0.02520000  165.99636295
6.56000000  0.03360000  174.30550149
6.56000000  0.04200000  182.42000185
6.56000000  0.05040000  190.23873387
6.56000000  0.05880000  197.65438064
6.56000000  0.06720000  204.55545833
6.56000000  0.07560000  210.82879327
6.56000000  0.08400000  216.36240880
6.56000000  0.09240000  221.04873905
6.56000000  0.10080000  224.78805185
6.56000000  0.10920000  227.49193012
6.56000000  0.11760000  229.08663675
6.56000000  0.12600000  229.51617363
6.56000000  0.13440000  228.74484602
6.56000000  0.14280000  226.75915953
6.56000000  0.15120000  223.56890962
6.56000000  0.15960000  219.20737017
6.56000000  0.16800000  213.73054504
6.56000000  0.17640000  207.21550893
6.56000000  0.18480000  199.75792507
6.56000000  0.19320000  191.46888150
6.56000000  0.20160000  182.47122888
6.56000000  0.21000000  172.89562793
6.56000000  0.21840000  162.87652202
6.56000000  0.22680000  152.54823971
6.56000000  0.23520000  142.04140733
6.56000000  0.24360000  131.47981500
6.56000000  0.25200000  120.97783679
6.56000000  0.26040000  110.63846060
6.56000000  0.26880000  100.55194107
6.56000000  0.27720000  90.79505140
6.56000000  0.28560000  81.43088045
6.56000000  0.29400000  72.50910087
6.83333333  0.00000000  101.54684980
6.83333333  0.00840000  107.65798737
6.83333333  0.01680000  113.81970393
6.83333333  0.02520000  119.97705965
6.83333333  0.03360000  126.06788453
6.83333333  0.04200000  132.02323342
6.83333333  0.05040000  137.76816950
6.83333333  0.05880000  143.22290464
6.83333333  0.06720000  148.30430873
6.83333333  0.07560000  152.92777867
6.83333333  0.08400000  157.00943226
6.83333333  0.09240000  160.46856372
6.83333333  0.10080000  163.23026907
6.83333333  0.10920000  165.22812355
6.83333333  0.11760000  166.40677271
6.83333333  0.12600000  166.72428745
6.83333333  0.13440000  166.15413336
6.83333333  0.14280000  164.68661781
6.83333333  0.15120000  162.32970455
6.83333333  0.15960000  159.10912361
6.83333333  0.16800000  155.06775053
6.83333333  0.17640000  150.26427913
6.83333333  0.18480000  144.77126134
6.83333333  0.19320000  138.67262989
6.83333333  0.20160000  132.06085210
6.83333333  0.21000000  125.03388109
6.83333333  0.21840000  117.69207462
6.83333333  0.22680000  110.13524143
6.83333333  0.23520000  102.45995254
6.83333333  0.24360000  94.75722451
6.83333333  0.25200000  87.11064617
6.83333333  0.26040000  79.59498436
6.83333333  0.26880000  72.27527082
6.83333333  0.27720000  65.20634385
6.83333333  0.28560000  58.43279685
6.83333333  0.29400000  51.98927134
7.10666667  0.00000000  71.12193778
7.10666667  0.00840000  75.44483017
7.10666667  0.01680000  79.80816232
7.10666667  0.02520000  84.17304302
7.10666667  0.03360000  88.49528308
7.10666667  0.04200000  92.72569836
7.10666667  0.05040000  96.81065485
7.10666667  0.05880000  100.69287869
7.10666667  0.06720000  104.31254235
7.10666667  0.07560000  107.60862180
7.10666667  0.08400000  110.52050018
7.10666667  0.09240000  112.98977182
7.10666667  0.10080000  114.96217820
7.10666667  0.10920000  116.38958725
7.10666667  0.11760000  117.23191149
7.10666667  0.12600000  117.45885117
7.10666667  0.13440000  117.05134889
7.10666667  0.14280000  116.00265208
7.10666667  0.15120000  114.31890018
7.10666667  0.15960000  112.01918284
7.10666667  0.16800000  109.13505147
7.10666667  0.17640000  105.70950485
7.10666667  0.18480000  101.79550747
7.10666667  0.19320000  97.45413119
7.10666667  0.20160000  92.75243449
7.10666667  0.21000000  87.76120649
7.10666667  0.21840000  82.55270424
7.10666667  0.22680000  77.19850207
7.10666667  0.23520000  71.76755372
7.10666667  0.24360000  66.32454310
7.10666667  0.25200000  60.92857251
7.10666667  0.26040000  55.63220927
7.10666667  0.26880000  50.48088703
7.10666667  0.27720000  45.51263770
7.10666667  0.28560000  40.75811426
7.10666667  0.29400000  36.24085583
7.38000000  0.00000000  48.35716684
7.38000000  0.00840000  51.31892494
7.38000000  0.01680000  54.31091650
7.38000000  0.02520000  57.30649513
7.38000000  0.03360000  60.27528423
7.38000000  0.04200000  63.18337290
7.38000000  0.05040000  65.99368289
7.38000000  0.05880000  68.66652416
7.38000000  0.06720000  71.16034815
7.38000000  0.07560000  73.43269632
7.38000000  0.08400000  75.44132752
7.38000000  0.09240000  77.14549156
7.38000000  0.10080000  78.50730053
7.38000000  0.10920000  79.49313393
7.38000000  0.11760000  80.07500197
7.38000000  0.12600000  80.23178464
7.38000000  0.13440000  79.95026384
7.38000000  0.14280000  79.22587353
7.38000000  0.15120000  78.06310780
7.38000000  0.15960000  76.47554867
7.38000000  0.16800000  74.48550186
7.38000000  0.17640000  72.12325738
7.38000000  0.18480000  69.42601900
7.38000000  0.19320000  66.43657001
7.38000000  0.20160000  63.20175938
7.38000000  0.21000000  59.77090083
7.38000000  0.21840000  56.19417727
7.38000000  0.22680000  52.52113547
7.38000000  0.23520000  48.79934106
7.38000000  0.24360000  45.07324597
7.38000000  0.25200000  41.38330003
7.38000000  0.26040000  37.76531849
7.38000000  0.26880000  34.25009996
7.38000000  0.27720000  30.86327466
7.38000000  0.28560000  27.62535303
7.38000000  0.29400000  24.55193863
7.65333333  0.00000000  31.91175216
7.65333333  0.00840000  33.87730871
7.65333333  0.01680000  35.86419285
7.65333333  0.02520000  37.85472608
7.65333333  0.03360000  39.82870389
7.65333333  0.04200000  41.76351931
7.65333333  0.05040000  43.63440262
7.65333333  0.05880000  45.41478972
7.65333333  0.06720000  47.07682625
7.65333333  0.07560000  48.59200626
7.65333333  0.08400000  49.93193484
7.65333333  0.09240000  51.06919267
7.65333333  0.10080000  51.97826939
7.65333333  0.10920000  52.63652174
7.65333333  0.11760000  53.02510412
7.65333333  0.12600000  53.12981443
7.65333333  0.13440000  52.94179775
7.65333333  0.14280000  52.45805574
7.65333333  0.15120000  51.68172024
7.65333333  0.15960000  50.62206503
7.65333333  0.16800000  49.29424824
7.65333333  0.17640000  47.71879790
7.65333333  0.18480000  45.92087224
7.65333333  0.19320000  43.92934235
7.65333333  0.20160000  41.77575601
7.65333333  0.21000000  39.49324702
7.65333333  0.21840000  37.11545388
7.65333333  0.22680000  34.67550525
7.65333333  0.23520000  32.20511976
7.65333333  0.24360000  29.73385427
7.65333333  0.25200000  27.28852064
7.65333333  0.26040000  24.89277757
7.65333333  0.26880000  22.56689186
7.65333333  0.27720000  20.32765431
7.65333333  0.28560000  18.18842863
7.65333333  0.29400000  16.15930838
7.92666667  0.00000000  20.43592555
7.92666667  0.00840000  21.69967609
7.92666667  0.01680000  22.97772335
7.92666667  0.02520000  24.25870536
7.92666667  0.03360000  25.52961257
7.92666667  0.04200000  26.77586421
7.92666667  0.05040000  27.98146032
7.92666667  0.05880000  29.12921836
7.92666667  0.06720000  30.20109903
7.92666667  0.07560000  31.17862117
7.92666667  0.08400000  32.04335872
7.92666667  0.09240000  32.77750584
7.92666667  0.10080000  33.36448798
7.92666667  0.10920000  33.78959022
7.92666667  0.11760000  34.04056797
7.92666667  0.12600000  34.10820206
7.92666667  0.13440000  33.98676018
7.92666667  0.14280000  33.67432988
7.92666667  0.15120000  33.17299582
7.92666667  0.15960000  32.48884392
7.92666667  0.16800000  31.63178804
7.92666667  0.17640000  30.61522767
7.92666667  0.18480000  29.45555828
7.92666667  0.19320000  28.17156628
7.92666667  0.20160000  26.78374785
7.92666667  0.21000000  25.31359457
7.92666667  0.21840000  23.78288772
7.92666667  0.22680000  22.21303910
7.92666667  0.23520000  20.62450909
7.92666667  0.24360000  19.03632366
7.92666667  0.25200000  17.46570277
7.92666667  0.26040000  15.92780365
7.92666667  0.26880000  14.43557447
7.92666667  0.27720000  12.99970809
7.92666667  0.28560000  11.62868129
7.92666667  0.29400000  10.32886289
